TIMESTAMP	HEAD He3	SENS HEAD He3	HEAD He4	SENS HEAD He4	PUMP He3	SENS PUMP He3	SWITCH He3	SENS SWITCH He3	PUMP He4	SENS PUMP He4	SWITCH He4	SENS SWITCH He4	Cernox	SENS Cernox	OUT1 [PHe3]	OUT2 [PHe4]	OUT3 [SHe3]	OUT4 [SHe4]
1731678662	117.661	1016.80000	139.104	0.90040	139.636	0.89925	139.110	1027.87000	137.433	0.90401	139.277	0.90002	121.230	51.91000	0	0	0	0
1731678663	117.862	1016.70000	139.107	0.90039	139.638	0.89924	139.560	1027.85000	137.435	0.90401	139.279	0.90002	121.214	51.91300	0	0	0	0
1731678664	116.953	1016.90000	139.109	0.90039	139.641	0.89924	139.450	1027.87000	137.438	0.90400	139.282	0.90001	121.197	51.92000	0	0	0	0
1731678665	118.458	1016.80000	139.111	0.90038	139.643	0.89923	139.596	1027.81000	137.440	0.90400	139.284	0.90001	121.210	51.91600	0	0	0	0
1731678666	118.354	1016.80000	139.113	0.90038	139.645	0.89923	139.385	1027.86000	137.442	0.90400	139.286	0.90001	121.230	51.90900	0	0	0	0
1731678667	119.054	1016.60000	139.115	0.90038	139.647	0.89922	139.670	1027.81000	137.444	0.90399	139.288	0.90000	121.227	51.91600	0	0	0	0
1731678668	120.400	1016.50000	139.117	0.90037	139.649	0.89922	139.899	1027.78000	137.446	0.90399	139.290	0.90000	121.174	51.91600	0	0	0	0
1731678669	120.096	1016.40000	139.119	0.90037	139.651	0.89922	140.264	1027.78000	137.448	0.90398	139.292	0.89999	121.228	51.91300	0	0	0	0
1731678670	118.749	1016.70000	139.120	0.90036	139.653	0.89921	139.844	1027.81000	137.450	0.90398	139.294	0.89999	121.203	51.91200	0	0	0	0
1731678671	118.257	1016.70000	139.122	0.90036	139.655	0.89921	139.468	1027.87000	137.452	0.90397	139.295	0.89998	121.229	51.91800	0	0	0	0
1731678672	118.644	1016.60000	139.124	0.90035	139.657	0.89920	138.541	1027.95000	137.454	0.90397	139.297	0.89998	121.225	51.90800	0	0	0	0
1731678673	117.639	1016.70000	139.126	0.90035	139.659	0.89920	139.128	1027.87000	137.456	0.90397	139.299	0.89998	121.233	51.91300	0	0	0	0
1731678674	118.205	1016.70000	139.128	0.90035	139.661	0.89919	139.532	1027.86000	137.457	0.90396	139.301	0.89997	121.223	51.91100	0	0	0	0
1731678675	121.186	1016.30000	139.130	0.90034	139.662	0.89919	139.156	1027.93000	137.459	0.90396	139.303	0.89997	121.216	51.91400	0	0	0	0
1731678676	119.955	1016.60000	139.132	0.90034	139.664	0.89919	139.413	1027.82000	137.461	0.90395	139.305	0.89996	121.244	51.90400	0	0	0	0
1731678677	119.784	1016.40000	139.134	0.90033	139.666	0.89918	139.734	1027.81000	137.463	0.90395	139.307	0.89996	121.242	51.90800	0	0	0	0
1731678678	119.724	1016.50000	139.135	0.90033	139.668	0.89918	139.642	1027.83000	137.465	0.90395	139.308	0.89996	121.224	51.91100	0	0	0	0
1731678679	119.024	1016.50000	139.137	0.90033	139.669	0.89918	139.807	1027.78000	137.466	0.90394	139.310	0.89995	121.233	51.91200	0	0	0	0
1731678680	120.485	1016.40000	139.139	0.90032	139.671	0.89917	139.807	1027.81000	137.468	0.90394	139.312	0.89995	121.227	51.91500	0	0	0	0
1731678681	120.319	1016.50000	139.141	0.90032	139.673	0.89917	139.321	1027.86000	137.470	0.90393	139.314	0.89994	121.222	51.90700	0	0	0	0
1731678682	119.345	1016.70000	139.142	0.90032	139.675	0.89916	139.376	1027.89000	137.472	0.90393	139.316	0.89994	121.225	51.90700	0	0	0	0
1731678683	120.004	1016.50000	139.144	0.90031	139.677	0.89916	138.991	1027.89000	137.474	0.90393	139.317	0.89994	121.234	51.91600	0	0	0	0
1731678684	118.853	1016.60000	139.146	0.90031	139.679	0.89915	139.294	1027.87000	137.476	0.90392	139.319	0.89993	121.232	51.91200	0	0	0	0
1731678685	118.592	1016.80000	139.148	0.90030	139.681	0.89915	139.394	1027.86000	137.478	0.90392	139.321	0.89993	121.210	51.91000	0	0	0	0
1731678686	117.937	1016.60000	139.149	0.90030	139.683	0.89915	139.881	1027.80000	137.480	0.90391	139.323	0.89992	121.232	51.91100	0	0	0	0
1731678687	118.138	1016.70000	139.152	0.90030	139.685	0.89914	140.280	1027.75000	137.481	0.90391	139.325	0.89992	121.231	51.90800	0	0	0	0
1731678688	120.830	1016.60000	139.153	0.90029	139.687	0.89914	139.661	1027.82000	137.483	0.90391	139.327	0.89992	121.253	51.90600	0	0	0	0
1731678689	119.106	1016.60000	139.155	0.90029	139.688	0.89913	139.183	1027.87000	137.485	0.90390	139.329	0.89991	121.230	51.90700	0	0	0	0
1731678690	119.978	1016.60000	139.157	0.90028	139.690	0.89913	139.376	1027.83000	137.486	0.90390	139.331	0.89991	121.258	51.90800	0	0	0	0
1731678691	118.406	1016.60000	139.159	0.90028	139.692	0.89913	139.633	1027.83000	137.488	0.90389	139.332	0.89990	121.246	51.90000	0	0	0	0
1731678692	118.905	1016.70000	139.161	0.90027	139.694	0.89912	139.881	1027.80000	137.490	0.90389	139.334	0.89990	121.255	51.90600	0	0	0	0
1731678694	119.717	1016.40000	139.163	0.90027	139.696	0.89912	139.587	1027.85000	137.491	0.90389	139.336	0.89990	121.231	51.91200	0	0	0	0
1731678695	120.222	1016.60000	139.165	0.90027	139.697	0.89911	139.624	1027.83000	137.494	0.90388	139.338	0.89989	121.250	51.90400	0	0	0	0
1731678696	119.650	1016.60000	139.167	0.90026	139.699	0.89911	139.312	1027.86000	137.496	0.90388	139.340	0.89989	121.232	51.91200	0	0	0	0
1731678697	118.279	1016.60000	139.169	0.90026	139.701	0.89911	139.761	1027.83000	137.497	0.90388	139.341	0.89988	121.251	51.90700	0	0	0	0
1731678698	118.719	1016.60000	139.170	0.90026	139.703	0.89910	139.532	1027.88000	137.499	0.90387	139.343	0.89988	121.259	51.90300	0	0	0	0
1731678699	118.540	1016.70000	139.172	0.90025	139.704	0.89910	139.495	1027.84000	137.501	0.90387	139.345	0.89988	121.250	51.89900	0	0	0	0
1731678700	118.734	1016.60000	139.174	0.90025	139.706	0.89910	140.192	1027.73000	137.503	0.90386	139.347	0.89987	121.283	51.89900	0	0	0	0
1731678701	118.339	1016.80000	139.175	0.90024	139.708	0.89909	139.523	1027.83000	137.504	0.90386	139.348	0.89987	121.237	51.90500	0	0	0	0
1731678702	119.047	1016.60000	139.177	0.90024	139.710	0.89909	139.064	1027.89000	137.506	0.90386	139.350	0.89987	121.256	51.90900	0	0	0	0
1731678703	119.873	1016.40000	139.179	0.90024	139.712	0.89908	139.706	1027.81000	137.508	0.90385	139.353	0.89986	121.266	51.89800	0	0	0	0
1731678704	118.428	1016.60000	139.180	0.90023	139.713	0.89908	140.135	1027.74000	137.510	0.90385	139.354	0.89986	121.289	51.90100	0	0	0	0
1731678705	120.137	1016.50000	139.182	0.90023	139.715	0.89908	140.306	1027.77000	137.512	0.90384	139.356	0.89985	121.285	51.89700	0	0	0	0
1731678706	119.933	1016.60000	139.184	0.90023	139.717	0.89907	139.642	1027.80000	137.513	0.90384	139.357	0.89985	121.270	51.89800	0	0	0	0
1731678707	119.099	1016.60000	139.186	0.90022	139.719	0.89907	140.067	1027.79000	137.516	0.90384	139.359	0.89985	121.288	51.89800	0	0	0	0
1731678708	119.642	1016.50000	139.187	0.90022	139.721	0.89906	139.624	1027.84000	137.517	0.90383	139.361	0.89984	121.283	51.89600	0	0	0	0
1731678709	119.121	1016.50000	139.189	0.90021	139.722	0.89906	140.124	1027.78000	137.519	0.90383	139.363	0.89984	121.280	51.89800	0	0	0	0
1731678710	120.597	1016.50000	139.191	0.90021	139.724	0.89906	139.615	1027.81000	137.521	0.90382	139.364	0.89984	121.291	51.90400	0	0	0	0
1731678711	119.948	1016.50000	139.193	0.90021	139.726	0.89905	139.908	1027.85000	137.523	0.90382	139.366	0.89983	121.264	51.89500	0	0	0	0
1731678712	120.634	1016.30000	139.195	0.90020	139.727	0.89905	139.780	1027.82000	137.524	0.90382	139.368	0.89983	121.263	51.90500	0	0	0	0
1731678713	119.948	1016.50000	139.197	0.90020	139.729	0.89905	139.752	1027.81000	137.526	0.90381	139.370	0.89982	121.289	51.89400	0	0	0	0
1731678714	118.801	1016.60000	139.199	0.90019	139.731	0.89904	139.853	1027.80000	137.528	0.90381	139.372	0.89982	121.301	51.88800	0	0	0	0
1731678715	118.987	1016.60000	139.200	0.90019	139.733	0.89904	139.101	1027.90000	137.530	0.90381	139.374	0.89981	121.317	51.89600	0	0	0	0
1731678716	119.985	1016.60000	139.202	0.90019	139.735	0.89903	139.358	1027.84000	137.531	0.90380	139.376	0.89981	121.303	51.89100	0	0	0	0
1731678717	119.516	1016.60000	139.204	0.90018	139.736	0.89903	140.233	1027.77000	137.533	0.90380	139.378	0.89981	121.307	51.89500	0	0	0	0
1731678718	118.451	1016.60000	139.205	0.90018	139.738	0.89903	139.578	1027.81000	137.535	0.90379	139.380	0.89980	121.277	51.90100	0	0	0	0
1731678719	119.642	1016.60000	139.207	0.90018	139.740	0.89902	139.651	1027.83000	137.537	0.90379	139.381	0.89980	121.273	51.89600	0	0	0	0
1731678720	120.330	1016.40000	139.209	0.90017	139.742	0.89902	139.156	1027.82000	137.539	0.90379	139.383	0.89979	121.302	51.89800	0	0	0	0
1731678721	119.866	1016.60000	139.211	0.90017	139.744	0.89901	138.908	1027.88000	137.540	0.90378	139.385	0.89979	121.284	51.89100	0	0	0	0
1731678722	120.170	1016.40000	139.213	0.90016	139.746	0.89901	139.817	1027.84000	137.542	0.90378	139.387	0.89979	121.292	51.90400	0	0	0	0
1731678723	119.501	1016.60000	139.215	0.90016	139.748	0.89901	139.083	1027.84000	137.544	0.90377	139.389	0.89978	121.291	51.88800	0	0	0	0
1731678724	119.196	1016.60000	139.217	0.90015	139.750	0.89900	139.615	1027.84000	137.546	0.90377	139.390	0.89978	121.276	51.90000	0	0	0	0
1731678725	120.271	1016.60000	139.219	0.90015	139.752	0.89900	139.284	1027.87000	137.548	0.90377	139.392	0.89977	121.287	51.89500	0	0	0	0
1731678726	119.143	1016.60000	139.221	0.90015	139.754	0.89899	139.697	1027.81000	137.550	0.90376	139.394	0.89977	121.306	51.89200	0	0	0	0
1731678727	119.240	1016.60000	139.223	0.90014	139.756	0.89899	139.972	1027.79000	137.552	0.90376	139.396	0.89977	121.312	51.89300	0	0	0	0
1731678728	119.516	1016.70000	139.224	0.90014	139.757	0.89898	139.688	1027.77000	137.554	0.90375	139.398	0.89976	121.317	51.89100	0	0	0	0
1731678729	118.845	1016.90000	139.227	0.90013	139.759	0.89898	140.228	1027.79000	137.555	0.90375	139.400	0.89976	121.309	51.88400	0	0	0	0
1731678730	118.831	1016.60000	139.228	0.90013	139.761	0.89898	140.378	1027.76000	137.557	0.90375	139.401	0.89976	121.357	51.88900	0	0	0	0
1731678731	120.296	1016.30000	139.230	0.90013	139.763	0.89897	139.661	1027.81000	137.559	0.90374	139.403	0.89975	121.308	51.88600	0	0	0	0
1731678732	120.322	1016.50000	139.232	0.90012	139.765	0.89897	140.021	1027.81000	137.561	0.90374	139.405	0.89975	121.337	51.89500	0	0	0	0
1731678733	119.255	1016.60000	139.234	0.90012	139.766	0.89897	139.927	1027.80000	137.563	0.90373	139.407	0.89974	121.307	51.89000	0	0	0	0
1731678734	119.315	1016.50000	139.236	0.90011	139.768	0.89896	139.881	1027.82000	137.565	0.90373	139.409	0.89974	121.296	51.89200	0	0	0	0
1731678735	118.898	1016.70000	139.237	0.90011	139.770	0.89896	139.596	1027.81000	137.566	0.90373	139.410	0.89974	121.346	51.88100	0	0	0	0
1731678736	119.404	1016.60000	139.239	0.90011	139.772	0.89895	139.688	1027.84000	137.568	0.90372	139.413	0.89973	121.334	51.89200	0	0	0	0
1731678737	118.726	1016.60000	139.241	0.90010	139.774	0.89895	139.807	1027.83000	137.570	0.90372	139.414	0.89973	121.320	51.88800	0	0	0	0
1731678738	117.981	1016.70000	139.243	0.90010	139.776	0.89895	139.385	1027.87000	137.572	0.90372	139.416	0.89972	121.315	51.89000	0	0	0	0
1731678739	118.994	1016.70000	139.244	0.90010	139.778	0.89894	139.661	1027.85000	137.573	0.90371	139.418	0.89972	121.331	51.88200	0	0	0	0
1731678740	118.071	1016.60000	139.246	0.90009	139.779	0.89894	140.161	1027.77000	137.575	0.90371	139.419	0.89972	121.348	51.88400	0	0	0	0
1731678741	119.441	1016.50000	139.248	0.90009	139.781	0.89893	139.982	1027.79000	137.577	0.90370	139.421	0.89971	121.337	51.88600	0	0	0	0
1731678742	119.553	1016.50000	139.250	0.90008	139.783	0.89893	139.202	1027.87000	137.579	0.90370	139.423	0.89971	121.333	51.89300	0	0	0	0
1731678743	119.285	1016.60000	139.252	0.90008	139.785	0.89893	139.982	1027.77000	137.581	0.90370	139.425	0.89970	121.333	51.88700	0	0	0	0
1731678744	119.896	1016.40000	139.254	0.90007	139.786	0.89892	140.083	1027.76000	137.582	0.90369	139.427	0.89970	121.296	51.88800	0	0	0	0
1731678745	118.793	1016.60000	139.255	0.90007	139.788	0.89892	139.706	1027.83000	137.584	0.90369	139.429	0.89970	121.338	51.88800	0	0	0	0
1731678746	120.204	1016.40000	139.257	0.90007	139.790	0.89891	139.000	1027.84000	137.586	0.90368	139.431	0.89969	121.340	51.88500	0	0	0	0
1731678747	120.334	1016.50000	139.258	0.90006	139.791	0.89891	139.138	1027.88000	137.588	0.90368	139.432	0.89969	121.325	51.88400	0	0	0	0
1731678748	119.479	1016.60000	139.261	0.90006	139.793	0.89891	139.394	1027.85000	137.590	0.90368	139.434	0.89968	121.355	51.88100	0	0	0	0
1731678749	118.302	1016.70000	139.263	0.90006	139.795	0.89890	139.734	1027.82000	137.591	0.90367	139.436	0.89968	121.356	51.88300	0	0	0	0
1731678750	120.078	1016.40000	139.264	0.90005	139.797	0.89890	139.908	1027.79000	137.593	0.90367	139.438	0.89968	121.351	51.88400	0	0	0	0
1731678751	120.578	1016.50000	139.266	0.90005	139.799	0.89889	139.890	1027.75000	137.595	0.90366	139.440	0.89967	121.342	51.88100	0	0	0	0
1731678752	119.829	1016.50000	139.267	0.90005	139.801	0.89889	140.171	1027.77000	137.597	0.90366	139.442	0.89967	121.350	51.88000	0	0	0	0
1731678753	120.482	1016.50000	139.269	0.90004	139.803	0.89889	139.404	1027.82000	137.598	0.90366	139.444	0.89966	121.344	51.88400	0	0	0	0
1731678754	119.926	1016.60000	139.271	0.90004	139.804	0.89888	139.477	1027.84000	137.600	0.90365	139.445	0.89966	121.346	51.88900	0	0	0	0
1731678755	118.138	1016.70000	139.273	0.90003	139.806	0.89888	139.339	1027.85000	137.602	0.90365	139.447	0.89966	121.331	51.87900	0	0	0	0
1731678756	119.218	1016.50000	139.274	0.90003	139.808	0.89888	139.615	1027.86000	137.604	0.90365	139.449	0.89965	121.367	51.88300	0	0	0	0
1731678757	119.181	1016.50000	139.276	0.90003	139.810	0.89887	139.404	1027.81000	137.606	0.90364	139.451	0.89965	121.351	51.88100	0	0	0	0
1731678758	120.867	1016.30000	139.278	0.90002	139.811	0.89887	139.725	1027.82000	137.607	0.90364	139.453	0.89964	121.345	51.88100	0	0	0	0
1731678759	119.650	1016.40000	139.280	0.90002	139.813	0.89886	140.161	1027.77000	137.610	0.90363	139.454	0.89964	121.364	51.87600	0	0	0	0
1731678760	119.196	1016.50000	139.281	0.90002	139.815	0.89886	139.376	1027.91000	137.611	0.90363	139.456	0.89964	121.360	51.87900	0	0	0	0
1731678761	121.156	1016.30000	139.283	0.90001	139.817	0.89886	139.734	1027.81000	137.613	0.90363	139.458	0.89963	121.404	51.86900	0	0	0	0
1731678762	120.519	1016.30000	139.285	0.90001	139.819	0.89885	139.101	1027.86000	137.615	0.90362	139.459	0.89963	121.395	51.87800	0	0	0	0
1731678763	119.784	1016.60000	139.287	0.90000	139.821	0.89885	140.098	1027.74000	137.616	0.90362	139.461	0.89963	121.345	51.88100	0	0	0	0
1731678764	119.985	1016.60000	139.288	0.90000	139.822	0.89884	140.326	1027.75000	137.618	0.90361	139.463	0.89962	121.371	51.87800	0	0	0	0
1731678765	118.957	1016.70000	139.290	0.90000	139.824	0.89884	140.088	1027.79000	137.620	0.90361	139.465	0.89962	121.389	51.86900	0	0	0	0
1731678766	118.369	1016.70000	139.292	0.89999	139.826	0.89884	139.807	1027.74000	137.622	0.90361	139.467	0.89961	121.397	51.87600	0	0	0	0
1731678767	119.791	1016.60000	139.294	0.89999	139.828	0.89883	140.285	1027.76000	137.623	0.90360	139.469	0.89961	121.383	51.86900	0	0	0	0
1731678768	117.773	1016.70000	139.296	0.89998	139.830	0.89883	140.124	1027.80000	137.625	0.90360	139.470	0.89961	121.382	51.87800	0	0	0	0
1731678769	118.808	1016.70000	139.298	0.89998	139.832	0.89882	139.367	1027.83000	137.627	0.90359	139.472	0.89960	121.405	51.87000	0	0	0	0
1731678770	118.451	1016.90000	139.300	0.89997	139.834	0.89882	140.093	1027.79000	137.629	0.90359	139.474	0.89960	121.391	51.87200	0	0	0	0
1731678771	119.508	1016.40000	139.302	0.89997	139.836	0.89882	139.587	1027.87000	137.631	0.90359	139.476	0.89959	121.384	51.87400	0	0	0	0
1731678772	120.389	1016.50000	139.304	0.89997	139.837	0.89881	139.229	1027.83000	137.633	0.90358	139.478	0.89959	121.385	51.87200	0	0	0	0
1731678773	119.911	1016.60000	139.305	0.89996	139.839	0.89881	139.807	1027.81000	137.634	0.90358	139.480	0.89959	121.413	51.86100	0	0	0	0
1731678774	120.052	1016.50000	139.307	0.89996	139.841	0.89880	139.394	1027.85000	137.636	0.90357	139.482	0.89958	121.415	51.87200	0	0	0	0
1731678775	118.331	1016.80000	139.309	0.89995	139.843	0.89880	139.780	1027.82000	137.638	0.90357	139.484	0.89958	121.380	51.87300	0	0	0	0
1731678776	119.337	1016.60000	139.311	0.89995	139.845	0.89880	139.945	1027.77000	137.640	0.90357	139.485	0.89957	121.399	51.87100	0	0	0	0
1731678777	119.710	1016.50000	139.313	0.89995	139.847	0.89879	140.306	1027.74000	137.642	0.90356	139.487	0.89957	121.402	51.86600	0	0	0	0
1731678778	120.578	1016.60000	139.315	0.89994	139.848	0.89879	139.817	1027.82000	137.644	0.90356	139.489	0.89957	121.438	51.86700	0	0	0	0
1731678779	118.384	1016.70000	139.317	0.89994	139.850	0.89878	140.420	1027.73000	137.646	0.90355	139.490	0.89956	121.439	51.86100	0	0	0	0
1731678780	118.920	1016.70000	139.319	0.89993	139.852	0.89878	139.872	1027.81000	137.647	0.90355	139.492	0.89956	121.410	51.86700	0	0	0	0
1731678781	118.473	1016.80000	139.321	0.89993	139.854	0.89878	139.385	1027.87000	137.649	0.90355	139.494	0.89955	121.410	51.86800	0	0	0	0
1731678782	119.799	1016.60000	139.322	0.89993	139.856	0.89877	139.569	1027.83000	137.650	0.90354	139.496	0.89955	121.390	51.87600	0	0	0	0
1731678783	120.196	1016.50000	139.324	0.89992	139.858	0.89877	139.092	1027.87000	137.652	0.90354	139.498	0.89955	121.416	51.86200	0	0	0	0
1731678784	120.096	1016.50000	139.327	0.89992	139.860	0.89876	139.495	1027.85000	137.655	0.90354	139.500	0.89954	121.445	51.86300	0	0	0	0
1731678785	119.158	1016.60000	139.328	0.89991	139.861	0.89876	139.725	1027.83000	137.657	0.90353	139.502	0.89954	121.448	51.86000	0	0	0	0
1731678786	118.875	1016.70000	139.330	0.89991	139.863	0.89876	139.385	1027.83000	137.658	0.90353	139.504	0.89953	121.412	51.86700	0	0	0	0
1731678787	120.182	1016.40000	139.332	0.89991	139.865	0.89875	139.642	1027.87000	137.660	0.90352	139.506	0.89953	121.408	51.86700	0	0	0	0
1731678788	120.267	1016.20000	139.334	0.89990	139.867	0.89875	139.771	1027.81000	137.662	0.90352	139.507	0.89953	121.423	51.86800	0	0	0	0
1731678789	121.104	1016.40000	139.336	0.89990	139.869	0.89874	139.606	1027.82000	137.664	0.90352	139.509	0.89952	121.430	51.86100	0	0	0	0
1731678790	120.422	1016.40000	139.338	0.89989	139.871	0.89874	139.514	1027.85000	137.666	0.90351	139.511	0.89952	121.447	51.86000	0	0	0	0
1731678791	121.078	1016.40000	139.339	0.89989	139.872	0.89874	139.294	1027.84000	137.668	0.90351	139.513	0.89951	121.415	51.86200	0	0	0	0
1731678792	120.052	1016.50000	139.341	0.89989	139.874	0.89873	139.477	1027.85000	137.670	0.90350	139.514	0.89951	121.436	51.86700	0	0	0	0
1731678793	120.104	1016.50000	139.343	0.89988	139.876	0.89873	140.078	1027.76000	137.671	0.90350	139.517	0.89951	121.436	51.86200	0	0	0	0
1731678794	119.054	1016.70000	139.344	0.89988	139.878	0.89872	140.254	1027.78000	137.673	0.90350	139.518	0.89950	121.426	51.86100	0	0	0	0
1731678795	118.793	1016.60000	139.347	0.89987	139.880	0.89872	139.541	1027.83000	137.675	0.90349	139.520	0.89950	121.417	51.86900	0	0	0	0
1731678796	118.719	1016.70000	139.348	0.89987	139.882	0.89872	139.688	1027.84000	137.677	0.90349	139.522	0.89949	121.431	51.86700	0	0	0	0
1731678797	118.495	1016.60000	139.350	0.89987	139.884	0.89871	140.357	1027.79000	137.679	0.90348	139.524	0.89949	121.425	51.85800	0	0	0	0
1731678798	118.704	1016.80000	139.352	0.89986	139.885	0.89871	139.752	1027.85000	137.680	0.90348	139.526	0.89949	121.464	51.85300	0	0	0	0
1731678799	117.840	1016.90000	139.353	0.89986	139.887	0.89870	139.431	1027.86000	137.682	0.90348	139.527	0.89948	121.458	51.85200	0	0	0	0
1731678800	118.644	1016.80000	139.355	0.89986	139.889	0.89870	139.358	1027.81000	137.684	0.90347	139.529	0.89948	121.502	51.86300	0	0	0	0
1731678801	118.480	1016.70000	139.357	0.89985	139.890	0.89870	139.807	1027.84000	137.686	0.90347	139.531	0.89947	121.451	51.84800	0	0	0	0
1731678802	119.158	1016.60000	139.359	0.89985	139.892	0.89869	139.927	1027.82000	137.687	0.90346	139.533	0.89947	121.492	51.85600	0	0	0	0
1731678803	119.605	1016.60000	139.361	0.89984	139.894	0.89869	139.514	1027.78000	137.689	0.90346	139.535	0.89947	121.460	51.85700	0	0	0	0
1731678804	120.315	1016.50000	139.362	0.89984	139.896	0.89869	140.078	1027.79000	137.691	0.90346	139.537	0.89946	121.441	51.85800	0	0	0	0
