TIMESTAMP	HEAD He3	HEAD He4	PUMP He3	SWITCH He3	PUMP He4	SWITCH He4	Cernox	OUT1 [PHe3]	OUT2 [PHe4]	OUT3 [SHe3]	OUT4 [SHe4]
1729157101	5.248	23.122	5.493	4.757	36.297	5.828	5.268	0	0	0	0
1729157102	5.250	23.136	5.496	4.757	36.344	5.830	5.268	0	0	0	0
1729157103	5.250	23.146	5.497	4.756	36.377	5.831	5.267	0	0	0	0
1729157104	5.251	23.153	5.498	4.756	36.400	5.833	5.270	0	0	0	0
1729157105	5.249	23.159	5.499	4.756	36.413	5.834	5.270	0	0	0	0
1729157106	5.250	23.162	5.500	4.756	36.419	5.834	5.270	0	0	0	0
1729157107	5.249	23.165	5.501	4.756	36.419	5.835	5.269	0	1	0	0
1729157108	5.248	23.166	5.501	4.754	36.414	5.836	5.269	0	1	0	0
1729157109	5.248	23.167	5.501	4.754	36.405	5.836	5.268	0	1	0	0
1729157110	5.252	23.167	5.502	4.754	36.395	5.837	5.270	0	0	0	0
1729157111	5.250	23.167	5.502	4.754	36.388	5.837	5.269	0	0	0	0
1729157112	5.250	23.167	5.502	4.753	36.384	5.837	5.268	0	0	0	0
1729157113	5.248	23.166	5.502	4.753	36.383	5.837	5.268	0	0	0	0
1729157114	5.242	23.165	5.502	4.753	36.383	5.837	5.264	0	0	0	0
1729157115	5.242	23.164	5.502	4.752	36.384	5.838	5.265	0	0	0	0
1729157116	5.239	23.163	5.502	4.752	36.384	5.838	5.267	0	0	0	0
1729157117	5.243	23.162	5.502	4.752	36.383	5.838	5.266	0	0	0	0
1729157118	5.245	23.160	5.502	4.752	36.380	5.838	5.267	0	0	0	0
1729157119	5.245	23.159	5.502	4.752	36.375	5.838	5.267	0	0	0	0
1729157120	5.251	23.158	5.502	4.752	36.369	5.838	5.268	0	0	0	0
1729157121	5.250	23.156	5.502	4.751	36.360	5.838	5.269	0	0	0	0
1729157122	5.252	23.155	5.502	4.751	36.349	5.838	5.268	0	0	0	0
1729157123	5.248	23.153	5.502	4.751	36.337	5.838	5.271	0	0	0	0
1729157124	5.253	23.152	5.502	4.750	36.322	5.838	5.271	0	0	0	0
1729157125	5.252	23.150	5.502	4.749	36.307	5.838	5.272	0	0	0	0
1729157126	5.253	23.149	5.501	4.748	36.290	5.838	5.272	0	0	0	0
1729157127	5.257	23.147	5.501	4.748	36.272	5.838	5.271	0	0	0	0
1729157128	5.249	23.145	5.501	4.747	36.252	5.838	5.273	0	0	0	0
1729157129	5.251	23.144	5.501	4.746	36.232	5.838	5.273	0	0	0	0
1729157130	5.251	23.142	5.500	4.746	36.212	5.838	5.271	0	0	0	0
1729157131	5.252	23.140	5.500	4.745	36.191	5.838	5.270	0	0	0	0
1729157132	5.249	23.139	5.500	4.744	36.169	5.838	5.271	0	0	0	0
1729157133	5.250	23.137	5.499	4.744	36.148	5.838	5.271	0	0	0	0
1729157134	5.252	23.136	5.499	4.744	36.127	5.838	5.270	0	0	0	0
1729157135	5.254	23.134	5.498	4.742	36.105	5.838	5.271	0	0	0	0
1729157136	5.248	23.132	5.498	4.742	36.084	5.837	5.270	0	0	0	0
1729157137	5.250	23.131	5.497	4.741	36.063	5.837	5.270	0	0	0	0
1729157138	5.253	23.130	5.497	4.740	36.042	5.837	5.269	0	0	0	0
1729157139	5.251	23.128	5.496	4.739	36.021	5.837	5.269	0	0	0	0
1729157140	5.251	23.126	5.496	4.739	36.001	5.836	5.271	0	0	0	0
1729157141	5.252	23.125	5.495	4.738	35.980	5.836	5.271	0	0	0	0
1729157142	5.250	23.123	5.495	4.737	35.960	5.836	5.271	0	0	0	0
1729157143	5.252	23.122	5.494	4.735	35.941	5.835	5.269	0	0	0	0
1729157144	5.251	23.120	5.494	4.734	35.921	5.835	5.269	0	0	0	0
1729157145	5.249	23.118	5.493	4.733	35.902	5.835	5.270	0	0	0	0
1729157146	5.250	23.116	5.492	4.733	35.883	5.834	5.271	0	0	0	0
1729157147	5.250	23.115	5.492	4.733	35.864	5.834	5.272	0	0	0	0
1729157148	5.251	23.113	5.491	4.732	35.846	5.833	5.272	0	0	0	0
1729157149	5.249	23.111	5.490	4.731	35.828	5.833	5.270	0	0	0	0
1729157150	5.257	23.110	5.489	4.730	35.811	5.832	5.272	0	0	0	0
1729157151	5.254	23.108	5.489	4.728	35.795	5.832	5.273	0	0	0	0
1729157152	5.250	23.106	5.488	4.728	35.778	5.831	5.272	0	0	0	0
1729157153	5.250	23.105	5.487	4.727	35.762	5.831	5.271	0	0	0	0
1729157154	5.251	23.103	5.486	5.303	35.747	5.830	5.271	0	0	0	0
1729157155	5.249	23.101	5.486	5.301	35.731	5.830	5.270	0	0	0	0
1729157156	5.246	23.099	5.485	5.301	35.716	5.829	5.270	0	0	0	0
1729157157	5.251	23.098	5.484	5.299	35.701	5.829	5.270	0	0	0	0
1729157158	5.248	23.096	5.483	5.298	35.686	5.828	5.271	0	0	0	0
1729157159	5.248	23.094	5.482	5.297	35.672	5.827	5.270	0	0	0	0
1729157160	5.250	23.093	5.481	5.297	35.657	5.827	5.270	0	0	0	0
1729157161	5.252	23.091	5.481	5.295	35.644	5.826	5.268	0	0	0	0
1729157162	5.249	23.090	5.480	5.293	35.630	5.825	5.267	0	0	0	0
1729157163	5.242	23.088	5.479	5.292	35.617	5.824	5.265	0	0	0	0
1729157164	5.248	23.086	5.478	5.292	35.604	5.824	5.265	0	0	0	0
1729157165	5.247	23.085	5.477	5.289	35.592	5.823	5.265	0	0	0	0
1729157166	5.243	23.083	5.476	5.289	35.579	5.822	5.265	0	0	0	0
1729157167	5.247	23.081	5.475	5.289	35.566	5.821	5.265	0	0	0	0
1729157168	5.242	23.079	5.474	5.286	35.554	5.821	5.265	0	0	0	0
1729157169	5.239	23.078	5.473	5.285	35.542	5.820	5.264	0	0	0	0
1729157170	5.246	23.076	5.472	5.283	35.530	5.819	5.265	0	0	0	0
1729157171	5.249	23.075	5.471	5.283	35.519	5.818	5.263	0	0	0	0
1729157172	5.243	23.073	5.470	5.282	35.507	5.817	5.262	0	0	0	0
1729157173	5.245	23.071	5.469	5.280	35.495	5.816	5.261	0	0	0	0
1729157174	5.245	23.069	5.468	5.279	35.483	5.815	5.262	0	0	0	0
1729157175	5.243	23.067	5.467	5.277	35.472	5.814	5.261	0	0	0	0
1729157176	5.239	23.066	5.466	5.276	35.462	5.814	5.261	0	0	0	0
1729157177	5.242	23.064	5.465	5.277	35.451	5.813	5.262	0	0	0	0
1729157178	5.240	23.062	5.464	5.274	35.440	5.812	5.261	0	0	0	0
1729157179	5.239	23.061	5.463	5.273	35.429	5.811	5.259	0	0	0	0
1729157180	5.241	23.059	5.462	5.271	35.419	5.810	5.261	0	0	0	0
1729157181	5.248	23.057	5.461	5.270	35.409	5.809	5.260	0	0	0	0
1729157182	5.238	23.055	5.460	5.269	35.399	5.808	5.260	0	0	0	0
1729157183	5.236	23.053	5.458	5.268	35.389	5.807	5.258	0	0	0	0
1729157184	5.238	23.052	5.457	5.267	35.379	5.806	5.256	0	0	0	0
1729157185	5.235	23.050	5.456	5.265	35.369	5.805	5.257	0	0	0	0
1729157186	5.232	23.048	5.455	5.264	35.360	5.803	5.257	0	0	0	0
1729157187	5.236	23.047	5.454	5.264	35.350	5.802	5.256	0	0	0	0
1729157188	5.236	23.045	5.453	5.262	35.341	5.801	5.257	0	0	0	0
1729157189	5.232	23.043	5.452	5.260	35.331	5.800	5.255	0	0	0	0
1729157190	5.234	23.041	5.450	5.259	35.321	5.799	5.254	0	0	0	0
1729157191	5.237	23.039	5.449	5.258	35.312	5.798	5.255	0	0	0	0
1729157192	5.236	23.038	5.448	5.255	35.303	5.797	5.251	0	0	0	0
1729157193	5.236	23.036	5.447	5.255	35.293	5.796	5.251	0	0	0	0
1729157194	5.231	23.034	5.446	5.254	35.285	5.794	5.251	0	0	0	0
1729157195	5.232	23.032	5.445	5.253	35.276	5.793	5.251	0	0	0	0
1729157196	5.227	23.030	5.443	5.250	35.267	5.792	5.249	0	0	0	0
1729157197	5.231	23.029	5.442	5.250	35.258	5.791	5.248	0	0	0	0
1729157198	5.224	23.027	5.441	5.249	35.249	5.790	5.250	0	0	0	0
1729157199	5.229	23.025	5.440	5.247	35.240	5.788	5.247	0	0	0	0
1729157200	5.225	23.023	5.439	5.246	35.231	5.787	5.247	0	0	0	0
1729157201	5.227	23.022	5.437	5.245	35.222	5.786	5.247	0	0	0	0
1729157202	5.224	23.020	5.436	5.244	35.213	5.785	5.245	0	0	0	0
1729157203	5.221	23.019	5.435	5.243	35.206	5.783	5.246	0	0	0	0
1729157204	5.224	23.017	5.434	5.243	35.197	5.782	5.246	0	0	0	0
1729157205	5.223	23.015	5.432	5.241	35.189	5.781	5.246	0	0	0	0
1729157206	5.225	23.013	5.431	5.240	35.181	5.779	5.245	0	0	0	0
1729157207	5.226	23.011	5.430	5.240	35.172	5.778	5.244	0	0	0	0
1729157208	5.227	23.009	5.429	5.237	35.164	5.777	5.246	0	0	0	0
1729157209	5.221	23.008	5.427	5.235	35.155	5.775	5.242	0	0	0	0
1729157210	5.223	23.006	5.426	5.235	35.148	5.774	5.243	0	0	0	0
1729157211	5.222	23.003	5.425	5.233	35.139	5.773	5.241	0	0	0	0
1729157212	5.220	23.002	5.424	5.233	35.132	5.771	5.242	0	0	0	0
1729157213	5.214	23.000	5.422	5.232	35.123	5.770	5.240	0	0	0	0
1729157214	5.222	22.999	5.421	5.230	35.115	5.768	5.238	0	0	0	0
1729157215	5.222	22.998	5.420	5.229	35.108	5.767	5.238	0	0	0	0
1729157216	5.221	22.997	5.419	5.229	35.100	5.766	5.237	0	0	0	0
1729157217	5.218	22.996	5.418	5.227	35.092	5.764	5.237	0	0	0	0
1729157218	5.215	22.995	5.416	5.225	35.084	5.763	5.235	0	0	0	0
1729157219	5.213	22.994	5.415	5.224	35.077	5.761	5.235	0	0	0	0
1729157220	5.209	22.993	5.413	5.223	35.070	5.760	5.234	0	0	0	0
1729157221	5.214	22.992	5.412	5.222	35.063	5.759	5.235	0	0	0	0
1729157222	5.217	22.991	5.411	5.220	35.055	5.757	5.234	0	0	0	0
1729157223	5.214	22.990	5.409	5.219	35.047	5.756	5.233	0	0	0	0
1729157224	5.213	22.989	5.408	5.219	35.040	5.754	5.233	0	0	0	0
1729157225	5.212	22.988	5.407	5.216	35.036	5.753	5.231	0	0	0	0
1729157226	5.211	22.987	5.405	5.215	35.028	5.751	5.230	0	0	0	0
1729157227	5.207	22.986	5.404	5.215	35.019	5.750	5.231	0	0	0	0
1729157228	5.205	22.985	5.403	5.214	35.011	5.748	5.228	0	0	0	0
1729157229	5.205	22.984	5.401	5.212	35.003	5.747	5.227	0	0	0	0
1729157230	5.210	22.983	5.400	5.211	34.996	5.745	5.228	0	0	0	0
1729157231	5.206	22.982	5.399	5.211	34.988	5.744	5.228	0	0	0	0
1729157232	5.208	22.981	5.397	5.208	34.981	5.742	5.226	0	0	0	0
1729157233	5.203	22.980	5.396	5.208	34.973	5.741	5.226	0	0	0	0
1729157234	5.207	22.979	5.395	5.207	34.966	5.739	5.227	0	0	0	0
1729157235	5.205	22.977	5.393	5.205	34.959	5.738	5.226	0	0	0	0
1729157236	5.209	22.977	5.392	5.204	34.952	5.737	5.225	0	0	0	0
1729157237	5.205	22.976	5.390	5.203	34.945	5.735	5.223	0	0	0	0
1729157238	5.208	22.975	5.389	5.201	34.938	5.733	5.223	0	0	0	0
1729157239	5.205	22.974	5.388	5.200	34.931	5.732	5.224	0	0	0	0
1729157240	5.205	22.973	5.386	5.199	34.924	5.730	5.223	0	0	0	0
1729157241	5.201	22.971	5.385	5.198	34.917	5.729	5.224	0	0	0	0
1729157242	5.202	22.970	5.384	5.197	34.910	5.727	5.221	0	0	0	0
1729157243	5.199	22.969	5.382	5.196	34.903	5.725	5.222	0	0	0	0
1729157244	5.198	22.968	5.381	5.195	34.897	5.724	5.220	0	0	0	0
1729157245	5.198	22.967	5.379	5.193	34.890	5.722	5.220	0	0	0	0
1729157246	5.196	22.966	5.378	5.192	34.883	5.721	5.219	0	0	0	0
1729157247	5.194	22.965	5.377	5.191	34.876	5.719	5.218	0	0	0	0
1729157248	5.197	22.964	5.375	5.190	34.869	5.717	5.219	0	0	0	0
1729157249	5.201	22.963	5.374	5.188	34.863	5.716	5.216	0	0	0	0
1729157250	5.193	22.962	5.373	5.187	34.856	5.714	5.214	0	0	0	0
1729157251	5.191	22.961	5.371	5.186	34.849	5.713	5.212	0	0	0	0
1729157252	5.190	22.960	5.370	5.186	34.843	5.711	5.211	0	0	0	0
1729157253	5.190	22.959	5.368	5.184	34.836	5.709	5.211	0	0	0	0
1729157254	5.191	22.958	5.367	5.183	34.829	5.708	5.210	0	0	0	0
1729157255	5.190	22.957	5.366	5.181	34.822	5.706	5.209	0	0	0	0
1729157256	5.191	22.956	5.364	5.180	34.815	5.705	5.208	0	0	0	0
1729157257	5.189	22.955	5.363	5.179	34.809	5.703	5.210	0	0	0	0
1729157258	5.191	22.954	5.362	5.178	34.803	5.701	5.208	0	0	0	0
1729157259	5.186	22.953	5.360	5.176	34.796	5.700	5.207	0	0	0	0
1729157260	5.188	22.952	5.359	5.176	34.790	5.698	5.208	0	0	0	0
1729157261	5.193	22.951	5.357	5.175	34.783	5.697	5.206	0	0	0	0
1729157262	5.190	22.950	5.356	5.173	34.777	5.695	5.205	0	0	0	0
1729157263	5.191	22.949	5.354	5.171	34.771	5.693	5.205	0	0	0	0
1729157264	5.180	22.948	5.353	5.171	34.764	5.692	5.204	0	0	0	0
1729157265	5.181	22.947	5.352	5.169	34.758	5.690	5.205	0	0	0	0
