TIMESTAMP	HEAD He3	HEAD He4	PUMP He3	SWITCH He3	PUMP He4	SWITCH He4	OUT1 [PHe3]	OUT2 [PHe4]	OUT3 [SHe3]	OUT4 [SHe4]
1709724497	300.00	300.00	300.00	300.00	300.00	300.00	0	0	0	0
1709724498	300.00	300.00	300.00	300.00	300.00	300.00	0	0	0	0
1709724499	300.00	300.00	300.00	300.00	300.00	300.00	0	0	0	0
1709724500	300.00	300.00	300.00	300.00	300.00	300.00	0	0	0	0
1709724501	300.00	300.00	300.00	300.00	300.00	300.00	0	0	0	0
1709724502	300.00	300.00	300.00	300.00	300.00	300.00	0	0	0	0
1709724503	300.00	300.00	300.00	300.00	300.00	300.00	0	0	0	0
1709724504	300.00	300.00	300.00	300.00	300.00	300.00	0	0	0	0
1709724505	300.00	300.00	300.00	300.00	300.00	300.00	0	0	0	0
1709724506	300.00	300.00	300.00	300.00	300.00	300.00	0	0	0	0
1709724507	300.00	300.00	300.00	300.00	300.00	300.00	0	0	0	0
1709724508	300.00	300.00	300.00	300.00	300.00	300.00	0	0	0	0
1709724509	300.00	300.00	300.00	300.00	300.00	300.00	0	0	0	0
1709724510	300.00	300.00	300.00	300.00	300.00	300.00	0	0	0	0
1709724511	300.00	300.00	300.00	300.00	300.00	300.00	0	0	0	0
1709724512	300.00	300.00	300.00	300.00	300.00	300.00	0	0	0	0
1709724513	300.00	300.00	300.00	300.00	300.00	300.00	0	0	0	0
1709724514	300.00	300.00	300.00	300.00	300.00	300.00	0	0	0	0
1709724515	300.00	300.00	300.00	300.00	300.00	300.00	0	0	0	0
1709724516	300.00	300.00	300.00	300.00	300.00	300.00	0	0	0	0
1709724517	300.00	300.00	300.00	300.00	300.00	300.00	0	0	0	0
1709724518	300.00	300.00	300.00	300.00	300.00	300.00	0	0	0	0
1709724519	300.00	300.00	300.00	300.00	300.00	300.00	0	0	0	0
1709724520	300.00	300.00	300.00	300.00	300.00	300.00	0	0	0	0
1709724521	300.00	300.00	300.00	300.00	300.00	300.00	0	0	0	0
1709724522	300.00	300.00	300.00	300.00	300.00	300.00	0	0	0	0
1709724523	300.00	300.00	300.00	300.00	300.00	300.00	0	0	0	0
1709724524	300.00	300.00	300.00	300.00	300.00	300.00	0	0	0	0
1709724525	300.00	300.00	300.00	300.00	300.00	300.00	0	0	0	0
1709724526	300.00	300.00	300.00	300.00	300.00	300.00	0	0	0	0
1709724527	300.00	300.00	300.00	300.00	300.00	300.00	0	0	0	0
1709724528	300.00	300.00	300.00	300.00	300.00	300.00	0	0	0	0
1709724529	300.00	300.00	300.00	300.00	300.00	300.00	0	0	0	0
1709724530	300.00	300.00	300.00	300.00	300.00	300.00	0	0	0	0
1709724531	300.00	300.00	300.00	300.00	300.00	300.00	0	0	0	0
1709724532	300.00	300.00	300.00	300.00	300.00	300.00	0	0	0	0
1709724533	300.00	300.00	300.00	300.00	300.00	300.00	0	0	0	0
1709724534	300.00	300.00	300.00	300.00	300.00	300.00	0	0	0	0
1709724535	300.00	300.00	300.00	300.00	300.00	300.00	0	0	0	0
1709724536	300.00	300.00	300.00	300.00	300.00	300.00	0	0	0	0
1709724537	300.00	300.00	300.00	300.00	300.00	300.00	0	0	0	0
1709724538	300.00	300.00	300.00	300.00	300.00	300.00	0	0	0	0
1709724539	300.00	300.00	300.00	300.00	300.00	300.00	0	0	0	0
1709724540	300.00	300.00	300.00	300.00	300.00	300.00	0	0	0	0
1709724541	300.00	300.00	300.00	300.00	300.00	300.00	0	0	0	0
1709724542	300.00	300.00	300.00	300.00	300.00	300.00	0	0	0	0
1709724543	300.00	300.00	300.00	300.00	300.00	300.00	0	0	0	0
1709724544	300.00	300.00	300.00	300.00	300.00	300.00	0	0	0	0
1709724545	300.00	300.00	300.00	300.00	300.00	300.00	0	0	0	0
1709724546	300.00	300.00	300.00	300.00	300.00	300.00	0	0	0	0
1709724547	300.00	300.00	300.00	300.00	300.00	300.00	0	0	0	0
1709724548	300.00	300.00	300.00	300.00	300.00	300.00	0	0	0	0
1709724549	300.00	300.00	300.00	300.00	300.00	300.00	0	0	0	0
1709724550	300.00	300.00	300.00	300.00	300.00	300.00	0	0	0	0
1709724551	300.00	300.00	300.00	300.00	300.00	300.00	0	0	0	0
1709724552	300.00	300.00	300.00	300.00	300.00	300.00	0	0	0	0
1709724553	300.00	300.00	300.00	300.00	300.00	300.00	0	0	0	0
1709724554	300.00	300.00	300.00	300.00	300.00	300.00	0	0	0	0
1709724555	300.00	300.00	300.00	300.00	300.00	300.00	0	0	0	0
1709724556	300.00	300.00	300.00	300.00	300.00	300.00	0	0	0	0
1709724557	300.00	300.00	300.00	300.00	300.00	300.00	0	0	0	0
1709724558	300.00	300.00	300.00	300.00	300.00	300.00	0	0	0	0
1709724559	300.00	300.00	300.00	300.00	300.00	300.00	0	0	0	0
1709724560	300.00	300.00	300.00	300.00	300.00	300.00	0	0	0	0
1709724561	300.00	300.00	300.00	300.00	300.00	300.00	0	0	0	0
1709724562	300.00	300.00	300.00	300.00	300.00	300.00	0	0	0	0
1709724563	300.00	300.00	300.00	300.00	300.00	300.00	0	0	0	0
1709724564	300.00	300.00	300.00	300.00	300.00	300.00	0	0	0	0
1709724565	300.00	300.00	300.00	300.00	300.00	300.00	0	0	0	0
1709724566	300.00	300.00	300.00	300.00	300.00	300.00	0	0	0	0
1709724567	300.00	300.00	300.00	300.00	300.00	300.00	0	0	0	0
1709724568	300.00	300.00	300.00	300.00	300.00	300.00	0	0	0	0
1709724569	300.00	300.00	300.00	300.00	300.00	300.00	0	0	0	0
1709724570	300.00	300.00	300.00	300.00	300.00	300.00	0	0	0	0
1709724571	300.00	300.00	300.00	300.00	300.00	300.00	0	0	0	0
1709724572	300.00	300.00	300.00	300.00	300.00	300.00	0	0	0	0
1709724573	300.00	300.00	300.00	300.00	300.00	300.00	0	0	0	0
1709724574	300.00	300.00	300.00	300.00	300.00	300.00	0	0	0	0
1709724575	300.00	300.00	300.00	300.00	300.00	300.00	0	0	0	0
1709724576	300.00	300.00	300.00	300.00	300.00	300.00	0	0	0	0
1709724577	300.00	300.00	300.00	300.00	300.00	300.00	0	0	0	0
1709724578	300.00	300.00	300.00	300.00	300.00	300.00	0	0	0	0
1709724579	300.00	300.00	300.00	300.00	300.00	300.00	0	0	0	0
1709724580	300.00	300.00	300.00	300.00	300.00	300.00	0	0	0	0
1709724581	300.00	300.00	300.00	300.00	300.00	300.00	0	0	0	0
1709724582	300.00	300.00	300.00	300.00	300.00	300.00	0	0	0	0
1709724583	300.00	300.00	300.00	300.00	300.00	300.00	0	0	0	0
1709724584	300.00	300.00	300.00	300.00	300.00	300.00	0	0	0	0
1709724585	300.00	300.00	300.00	300.00	300.00	300.00	0	0	0	0
1709724586	300.00	300.00	300.00	300.00	300.00	300.00	0	0	0	0
1709724587	300.00	300.00	300.00	300.00	300.00	300.00	0	0	0	0
1709724588	300.00	300.00	300.00	300.00	300.00	300.00	0	0	0	0
1709724589	300.00	300.00	300.00	300.00	300.00	300.00	0	0	0	0
1709724590	300.00	300.00	300.00	300.00	300.00	300.00	0	0	0	0
1709724591	300.00	300.00	300.00	300.00	300.00	300.00	0	0	0	0
1709724592	300.00	300.00	300.00	300.00	300.00	300.00	0	0	0	0
1709724593	300.00	300.00	300.00	300.00	300.00	300.00	0	0	0	0
1709724594	300.00	300.00	300.00	300.00	300.00	300.00	0	0	0	0
1709724595	300.00	300.00	300.00	300.00	300.00	300.00	0	0	0	0
1709724596	300.00	300.00	300.00	300.00	300.00	300.00	0	0	0	0
1709724597	300.00	300.00	300.00	300.00	300.00	300.00	0	0	0	0
1709724598	300.00	300.00	300.00	300.00	300.00	300.00	0	0	0	0
