TIMESTAMP	HEAD He3	HEAD He4	PUMP He3	SWITCH He3	PUMP He4	SWITCH He4	Cernox	OUT1 [PHe3]	OUT2 [PHe4]	OUT3 [SHe3]	OUT4 [SHe4]
1717496427	136.845	48.763	21.695	84.783	30.082	19.233	135.361	0	0	0	0
1717496428	136.734	48.769	21.703	84.529	30.063	19.252	135.362	0	0	0	0
1717496429	136.215	48.775	21.711	84.629	30.026	19.270	135.321	0	1	0	0
1717496430	136.245	48.779	21.719	84.677	29.978	19.286	135.314	0	1	0	0
1717496431	136.030	48.780	21.726	84.210	29.923	19.303	135.327	5	1	0	0
1717496432	134.112	48.780	21.733	84.460	29.863	19.319	135.320	5	1	0	0
1717496433	135.956	48.777	21.740	84.463	29.810	19.334	135.306	5	1	0	0
1717496434	135.889	48.771	21.747	84.658	29.769	19.349	135.329	5	1	0	0
1717496435	136.608	48.761	21.753	84.735	29.743	19.364	135.296	5	1	0	0
1717496436	137.060	48.748	21.759	84.476	29.734	19.379	135.295	5	1	0	0
1717496437	136.245	48.733	21.766	84.346	29.740	19.394	135.316	5	1	0	0
1717496438	136.519	48.716	21.772	84.342	29.761	19.409	135.334	5	1	0	0
1717496439	136.282	48.698	21.778	84.461	29.792	19.424	135.272	5	1	0	0
1717496440	135.148	48.679	21.784	84.323	29.833	19.439	135.293	5	1	0	0
1717496441	136.045	48.660	21.790	83.844	29.880	19.453	135.301	5	1	0	0
1717496442	137.068	48.641	21.796	84.154	29.932	19.468	135.324	5	1	0	0
1717496443	137.142	48.623	21.802	84.230	29.987	19.483	135.296	5	1	0	0
1717496444	136.334	48.604	21.807	84.035	30.050	19.497	135.289	5	1	0	0
1717496445	137.386	48.587	21.813	84.079	30.116	19.512	135.299	5	1	0	0
1717496446	137.372	48.571	21.819	84.200	30.182	19.527	135.288	5	1	0	0
1717496447	136.438	48.556	21.824	84.121	30.247	19.541	135.272	5	1	0	0
1717496448	136.149	48.541	21.830	84.138	30.310	19.556	135.247	5	1	0	0
1717496449	136.430	48.529	21.835	84.068	30.371	19.571	135.286	5	1	0	0
1717496450	137.994	48.518	21.840	83.997	30.429	19.585	135.284	5	1	0	0
1717496451	136.905	48.508	21.846	83.772	30.486	19.600	135.243	5	1	0	0
1717496452	137.520	48.499	21.851	83.748	30.540	19.615	135.245	5	1	0	0
1717496453	137.186	48.492	21.857	83.956	30.591	19.629	135.274	5	1	0	0
1717496454	136.542	48.485	21.862	83.718	30.641	19.644	135.228	5	1	0	0
1717496455	135.734	48.480	21.867	83.639	30.689	19.658	135.229	5	1	0	0
1717496456	137.987	48.475	21.872	83.844	30.736	19.673	135.260	5	1	0	0
1717496457	136.853	48.472	21.878	83.789	30.781	19.688	135.233	5	1	0	0
1717496458	137.142	48.469	21.883	83.816	30.825	19.702	135.213	5	1	0	0
1717496459	135.082	48.467	21.888	83.891	30.867	19.717	135.230	5	1	0	0
1717496460	138.061	48.467	21.893	83.619	30.908	19.731	135.230	5	1	0	0
1717496461	135.571	48.467	21.898	83.326	30.948	19.746	135.211	5	1	0	0
1717496462	135.793	48.468	21.903	83.279	30.986	19.760	135.251	5	1	0	0
1717496463	134.980	48.469	21.908	83.437	31.024	19.775	135.189	5	1	0	0
1717496464	136.067	48.471	21.913	83.354	31.061	19.790	135.181	5	1	0	0
1717496465	136.393	48.474	21.918	83.352	31.097	19.804	135.227	5	1	0	0
1717496466	137.216	48.477	21.923	83.424	31.132	19.819	135.176	5	1	0	0
1717496467	137.038	48.480	21.928	83.558	31.167	19.833	135.194	5	1	0	0
1717496468	135.926	48.484	21.933	83.306	31.200	19.848	135.197	5	1	0	0
1717496469	135.904	48.488	21.937	83.342	31.233	19.862	135.187	5	1	0	0
1717496470	136.445	48.492	21.942	83.242	31.265	19.877	135.216	5	1	0	0
1717496471	135.889	48.495	21.947	82.840	31.297	19.891	135.205	5	1	0	0
1717496472	136.171	48.499	21.951	83.257	31.328	19.906	135.224	5	1	0	0
1717496473	136.245	48.504	21.956	83.180	31.359	19.920	135.163	5	1	0	0
1717496474	134.968	48.508	21.961	83.031	31.389	19.935	135.150	5	1	0	0
1717496475	135.460	48.514	21.965	82.901	31.419	19.949	135.175	5	1	0	0
1717496476	136.860	48.519	21.970	83.163	31.449	19.963	135.157	5	1	0	0
1717496477	137.260	48.525	21.975	82.912	31.478	19.978	135.186	5	1	0	0
1717496478	135.823	48.531	21.979	82.884	31.507	19.992	135.149	5	1	0	0
1717496479	134.524	48.537	21.984	83.036	31.536	20.008	135.196	5	1	0	0
1717496480	137.735	48.544	21.988	83.029	31.565	20.025	135.148	5	1	0	0
1717496481	136.549	48.550	21.993	82.721	31.594	20.041	135.169	5	1	0	0
1717496482	135.089	48.557	21.997	82.721	31.622	20.058	135.138	5	1	0	0
1717496483	135.875	48.563	22.003	82.799	31.650	20.075	135.150	5	1	0	0
1717496484	135.163	48.570	22.013	82.626	31.678	20.091	135.138	5	1	0	0
1717496485	136.386	48.577	22.022	82.612	31.706	20.108	135.147	5	1	0	0
1717496486	136.512	48.583	22.031	82.694	31.733	20.125	135.139	5	1	0	0
1717496487	137.416	48.590	22.040	82.616	31.760	20.142	135.149	5	1	0	0
1717496488	136.349	48.597	22.048	82.400	31.787	20.158	135.145	5	1	0	0
1717496489	136.245	48.603	22.057	82.211	31.813	20.175	135.111	5	1	0	0
1717496490	136.512	48.610	22.066	82.602	31.840	20.191	135.107	5	1	0	0
1717496491	136.475	48.616	22.075	82.257	31.866	20.208	135.143	5	1	0	0
1717496492	135.808	48.623	22.083	82.216	31.893	20.224	135.079	5	1	0	0
1717496493	137.053	48.631	22.092	82.201	31.919	20.241	135.118	5	1	0	0
1717496494	136.786	48.637	22.101	82.453	31.944	20.258	135.123	5	1	0	0
1717496495	135.208	48.644	22.109	82.225	31.970	20.274	135.097	5	1	0	0
1717496496	134.320	48.652	22.118	82.020	31.995	20.291	135.096	5	1	0	0
1717496497	134.724	48.659	22.126	82.044	32.023	20.307	135.129	5	1	0	0
1717496498	135.408	48.665	22.135	81.939	32.053	20.324	135.106	5	1	0	0
1717496499	135.497	48.672	22.143	82.353	32.081	20.340	135.076	5	1	0	0
1717496500	135.282	48.679	22.151	82.163	32.110	20.357	135.051	5	1	0	0
1717496501	134.872	48.686	22.160	81.905	32.139	20.373	135.127	5	1	0	0
1717496502	134.257	48.693	22.168	82.073	32.167	20.389	135.106	5	1	0	0
1717496503	134.987	48.699	22.176	82.058	32.195	20.406	135.081	5	1	0	0
1717496504	137.075	48.706	22.184	81.840	32.224	20.422	135.068	5	1	0	0
1717496505	136.623	48.714	22.192	81.908	32.252	20.439	135.065	5	1	0	0
1717496506	137.260	48.721	22.201	81.963	32.280	20.455	135.068	5	1	0	0
1717496507	136.712	48.728	22.209	81.636	32.307	20.471	135.038	5	1	0	0
1717496508	135.741	48.736	22.217	81.820	32.335	20.488	135.041	5	1	0	0
1717496509	135.726	48.743	22.225	81.864	32.363	20.504	135.048	5	1	0	0
1717496510	136.245	48.751	22.233	81.714	32.391	20.520	135.074	5	1	0	0
1717496511	136.579	48.757	22.240	81.411	32.419	20.536	135.062	5	1	0	0
1717496512	135.415	48.765	22.248	81.342	32.446	20.553	135.013	5	1	0	0
1717496513	136.690	48.771	22.256	81.643	32.474	20.569	135.044	5	1	0	0
1717496514	135.660	48.778	22.263	81.531	32.501	20.585	135.037	5	1	0	0
1717496515	135.393	48.784	22.271	81.356	32.527	20.601	135.005	5	1	0	0
1717496516	136.534	48.791	22.278	81.414	32.553	20.617	135.017	5	1	0	0
1717496517	136.149	48.797	22.286	81.390	32.579	20.634	135.010	5	1	0	0
1717496518	135.044	48.803	22.293	81.094	32.605	20.650	135.023	5	1	0	0
1717496519	135.156	48.809	22.301	81.222	32.631	20.666	135.027	5	1	0	0
1717496520	137.668	48.816	22.308	81.222	32.657	20.682	135.021	5	1	0	0
1717496521	137.646	48.822	22.315	81.213	32.683	20.698	135.020	5	1	0	0
1717496522	137.194	48.829	22.323	81.204	32.708	20.714	135.013	5	1	0	0
1717496523	136.112	48.836	22.330	81.092	32.734	20.730	134.976	5	1	0	0
1717496524	137.001	48.843	22.337	81.228	32.760	20.745	134.982	5	1	0	0
1717496525	135.800	48.850	22.345	81.058	32.785	20.761	134.979	5	1	0	0
1717496526	135.304	48.858	22.352	80.888	32.811	20.777	134.961	5	1	0	0
1717496527	136.334	48.865	22.359	80.929	32.836	20.793	134.980	5	1	0	0
1717496528	135.608	48.873	22.367	80.966	32.862	20.809	134.996	5	1	0	0
1717496529	135.704	48.880	22.374	80.844	32.887	20.825	134.969	5	1	0	0
1717496530	136.697	48.887	22.381	81.049	32.912	20.841	134.995	5	1	0	0
1717496531	135.786	48.895	22.387	80.742	32.937	20.856	134.962	5	1	0	0
1717496532	135.971	48.902	22.395	80.731	32.962	20.872	134.993	5	1	0	0
1717496533	136.564	48.909	22.401	80.793	32.987	20.888	134.980	5	1	0	0
1717496534	135.637	48.916	22.409	80.486	33.012	20.903	134.942	5	1	0	0
1717496535	135.704	48.923	22.415	80.606	33.037	20.919	134.913	5	1	0	0
1717496536	135.511	48.930	22.422	80.346	33.062	20.935	134.992	5	1	0	0
1717496537	134.865	48.937	22.429	80.314	33.086	20.950	134.984	5	1	0	0
1717496538	134.568	48.945	22.436	80.175	33.111	20.966	134.888	5	1	0	0
1717496539	137.201	48.952	22.443	80.187	33.135	20.981	134.981	5	1	0	0
1717496540	137.209	48.959	22.450	80.247	33.159	20.997	134.984	5	1	0	0
1717496541	136.638	48.965	22.456	80.186	33.184	21.007	134.939	5	1	0	0
1717496542	136.519	48.972	22.463	79.994	33.209	21.015	134.922	5	1	0	0
1717496543	134.728	48.980	22.470	79.975	33.233	21.024	134.924	5	1	0	0
1717496544	135.319	48.987	22.476	80.167	33.257	21.032	134.923	5	1	0	0
1717496545	135.185	48.994	22.483	79.927	33.282	21.041	134.881	5	1	0	0
1717496546	135.000	49.001	22.489	80.063	33.306	21.049	134.915	5	1	0	0
1717496547	135.578	49.008	22.496	80.128	33.330	21.058	134.911	5	1	0	0
1717496548	136.082	49.016	22.502	80.002	33.354	21.066	134.923	5	1	0	0
1717496549	136.423	49.023	22.509	79.730	33.378	21.074	134.929	5	1	0	0
1717496550	136.771	49.030	22.515	79.825	33.402	21.083	134.893	5	1	0	0
1717496551	136.601	49.037	22.522	79.597	33.426	21.091	134.871	5	1	0	0
1717496552	137.268	49.044	22.528	79.470	33.449	21.099	134.878	5	1	0	0
1717496553	136.126	49.051	22.535	79.629	33.473	21.108	134.872	5	1	0	0
1717496554	136.734	49.057	22.541	79.679	33.496	21.116	134.871	5	1	0	0
1717496555	136.134	49.064	22.547	79.622	33.520	21.124	134.872	5	1	0	0
1717496556	135.563	49.071	22.553	79.603	33.543	21.132	134.879	5	1	0	0
1717496557	135.823	49.078	22.559	79.584	33.567	21.140	134.853	5	1	0	0
1717496558	136.215	49.085	22.566	79.379	33.590	21.149	134.890	5	1	0	0
1717496559	136.467	49.092	22.572	79.311	33.613	21.157	134.863	5	1	0	0
1717496560	136.171	49.099	22.578	79.459	33.636	21.165	134.885	5	1	0	0
1717496561	136.141	49.105	22.584	79.329	33.659	21.173	134.888	5	1	0	0
1717496562	135.875	49.112	22.590	79.125	33.682	21.181	134.836	5	1	0	0
1717496563	135.000	49.120	22.596	79.109	33.704	21.189	134.832	5	1	0	0
1717496564	136.193	49.127	22.602	79.144	33.727	21.197	134.844	5	1	0	0
1717496565	136.149	49.135	22.608	78.949	33.750	21.205	134.815	5	1	0	0
1717496566	134.398	49.142	22.614	79.033	33.773	21.213	134.826	5	1	0	0
1717496567	135.460	49.149	22.620	79.065	33.796	21.221	134.824	5	1	0	0
1717496568	135.393	49.156	22.626	79.062	33.819	21.229	134.806	5	1	0	0
1717496569	135.089	49.163	22.632	79.011	33.842	21.237	134.840	5	1	0	0
1717496570	135.089	49.171	22.638	78.842	33.865	21.245	134.846	5	1	0	0
1717496571	136.401	49.178	22.644	78.961	33.887	21.253	134.849	5	1	0	0
1717496572	135.726	49.186	22.650	78.696	33.910	21.260	134.811	5	1	0	0
1717496573	134.698	49.193	22.656	78.673	33.933	21.268	134.780	5	1	0	0
1717496574	134.835	49.200	22.662	78.571	33.956	21.276	134.794	5	1	0	0
1717496575	134.657	49.207	22.667	78.503	33.978	21.284	134.827	5	1	0	0
1717496576	135.534	49.214	22.673	78.524	34.000	21.291	134.785	5	1	0	0
1717496577	136.164	49.221	22.679	78.583	34.023	21.299	134.810	5	1	0	0
1717496578	134.943	49.228	22.685	78.476	34.044	21.307	134.785	5	1	0	0
1717496579	136.193	49.235	22.690	78.378	34.066	21.314	134.783	5	1	0	0
1717496580	134.183	49.243	22.696	78.284	34.089	21.322	134.762	5	1	0	0
1717496581	134.783	49.251	22.702	78.158	34.110	21.329	134.774	5	1	0	0
1717496582	135.600	49.258	22.707	78.159	34.132	21.337	134.765	5	1	0	0
1717496583	135.600	49.265	22.713	78.275	34.154	21.344	134.765	5	1	0	0
1717496584	134.920	49.273	22.718	78.249	34.176	21.352	134.760	5	1	0	0
1717496585	133.119	49.280	22.724	78.039	34.198	21.359	134.742	5	1	0	0
1717496586	135.371	49.287	22.730	77.973	34.220	21.366	134.733	5	1	0	0
1717496587	135.585	49.294	22.735	77.961	34.242	21.374	134.753	5	1	0	0
1717496588	134.553	49.302	22.741	77.979	34.263	21.381	134.760	5	1	0	0
1717496589	135.030	49.309	22.746	77.695	34.285	21.388	134.748	5	1	0	0
1717496590	135.719	49.316	22.751	77.848	34.307	21.396	134.743	5	1	0	0
1717496591	136.312	49.324	22.757	77.728	34.328	21.403	134.752	5	1	0	0
1717496592	137.809	49.330	22.762	77.540	34.349	21.410	134.729	5	1	0	0
1717496593	136.134	49.337	22.768	77.695	34.371	21.417	134.745	5	1	0	0
1717496594	135.889	49.344	22.773	77.725	34.391	21.424	134.687	5	1	0	0
1717496595	134.824	49.351	22.778	77.701	34.413	21.431	134.716	5	1	0	0
1717496596	133.912	49.358	22.784	77.576	34.434	21.439	134.705	5	1	0	0
1717496597	135.319	49.365	22.789	77.612	34.455	21.446	134.700	5	1	0	0
1717496598	136.208	49.371	22.794	77.582	34.476	21.453	134.727	5	1	0	0
1717496599	135.193	49.379	22.800	77.464	34.498	21.459	134.690	5	1	0	0
1717496600	135.141	49.386	22.805	77.266	34.520	21.466	134.702	5	1	0	0
1717496601	135.823	49.392	22.810	77.151	34.541	21.473	134.722	5	1	0	0
1717496602	137.090	49.399	22.815	76.934	34.562	21.480	134.719	5	1	0	0
1717496603	136.349	49.406	22.820	76.967	34.583	21.487	134.696	5	1	0	0
1717496604	135.489	49.413	22.826	76.964	34.604	21.494	134.705	5	1	0	0
1717496605	135.445	49.419	22.831	77.155	34.625	21.501	134.734	5	1	0	0
1717496606	136.119	49.425	22.836	77.102	34.645	21.507	134.697	5	1	0	0
1717496607	137.134	49.433	22.841	77.158	34.666	21.514	134.677	5	1	0	0
1717496608	135.252	49.440	22.846	77.091	34.687	21.521	134.687	5	1	0	0
1717496609	135.311	49.446	22.851	76.762	34.708	21.527	134.692	5	1	0	0
1717496610	134.105	49.453	22.856	76.944	34.728	21.534	134.690	5	1	0	0
1717496611	137.342	49.461	22.861	76.583	34.749	21.540	134.687	5	1	0	0
1717496612	137.438	49.468	22.866	76.391	34.769	21.547	134.649	5	1	0	0
1717496613	137.379	49.475	22.871	76.498	34.789	21.553	134.604	5	1	0	0
1717496614	135.711	49.482	22.876	76.777	34.810	21.560	134.655	5	1	0	0
1717496615	136.164	49.489	22.881	76.934	34.830	21.566	134.649	5	1	0	0
1717496616	135.585	49.496	22.886	76.530	34.850	21.573	134.655	5	1	0	0
1717496617	134.316	49.503	22.891	76.566	34.871	21.579	134.664	5	1	0	0
1717496618	135.837	49.510	22.896	76.472	34.892	21.585	134.652	5	1	0	0
1717496619	135.193	49.516	22.901	76.164	34.912	21.592	134.645	5	1	0	0
1717496620	133.683	49.523	22.906	76.273	34.932	21.598	134.674	5	1	0	0
1717496621	135.667	49.530	22.911	76.203	34.953	21.604	134.619	5	1	0	0
1717496622	134.931	49.537	22.916	76.267	34.973	21.610	134.599	5	1	0	0
1717496623	133.505	49.544	22.920	76.106	34.993	21.617	134.608	5	1	0	0
1717496624	135.793	49.551	22.925	76.143	35.013	21.623	134.649	5	1	0	0
1717496625	135.378	49.558	22.930	76.055	35.033	21.629	134.597	5	1	0	0
1717496626	135.059	49.566	22.935	76.167	35.054	21.635	134.611	5	1	0	0
1717496627	135.356	49.573	22.939	76.036	35.074	21.641	134.626	5	1	0	0
1717496628	136.052	49.580	22.944	75.997	35.094	21.647	134.584	5	1	0	0
1717496629	135.734	49.587	22.949	75.723	35.113	21.653	134.589	5	1	0	0
1717496630	134.798	49.594	22.954	75.783	35.133	21.659	134.566	5	1	0	0
1717496631	134.639	49.600	22.958	75.741	35.153	21.665	134.589	5	1	0	0
1717496632	134.287	49.607	22.963	75.420	35.173	21.671	134.551	5	1	0	0
1717496633	134.605	49.614	22.968	75.362	35.193	21.676	134.563	5	1	0	0
1717496634	135.482	49.621	22.972	75.249	35.212	21.682	134.557	5	1	0	0
1717496635	134.820	49.628	22.977	75.205	35.232	21.688	134.585	5	1	0	0
1717496636	135.808	49.634	22.981	75.387	35.252	21.694	134.572	5	1	0	0
1717496637	133.749	49.641	22.986	75.262	35.271	21.700	134.595	5	1	0	0
1717496638	136.408	49.648	22.991	75.271	35.291	21.705	134.574	5	1	0	0
1717496639	135.741	49.655	22.995	75.272	35.311	21.711	134.564	5	1	0	0
1717496640	136.252	49.661	23.000	75.210	35.331	21.716	134.540	5	1	0	0
1717496641	135.993	49.668	23.008	75.125	35.350	21.722	134.551	5	1	0	0
1717496642	135.185	49.674	23.016	75.135	35.369	21.727	134.572	5	1	0	0
1717496643	133.827	49.681	23.024	74.986	35.388	21.733	134.527	5	1	0	0
1717496644	135.860	49.687	23.032	74.963	35.408	21.738	134.540	5	1	0	0
1717496645	137.053	49.694	23.040	74.888	35.427	21.744	134.514	5	1	0	0
1717496646	136.408	49.700	23.047	74.767	35.446	21.750	134.514	5	1	0	0
1717496647	134.583	49.706	23.055	74.826	35.465	21.755	134.542	5	1	0	0
1717496648	135.749	49.712	23.063	74.663	35.484	21.760	134.525	5	1	0	0
1717496649	135.185	49.719	23.071	74.556	35.503	21.766	134.518	5	1	0	0
1717496650	134.561	49.726	23.079	74.542	35.522	21.771	134.533	5	1	0	0
1717496651	134.246	49.733	23.087	74.522	35.541	21.776	134.501	5	1	0	0
1717496652	135.119	49.739	23.095	74.395	35.561	21.782	134.508	5	1	0	0
1717496653	133.601	49.746	23.102	74.257	35.580	21.787	134.472	5	1	0	0
1717496654	135.237	49.752	23.110	74.496	35.600	21.792	134.492	5	1	0	0
1717496655	135.837	49.759	23.118	74.260	35.619	21.797	134.503	5	1	0	0
1717496656	134.783	49.765	23.126	74.032	35.638	21.802	134.547	5	1	0	0
1717496657	137.705	49.772	23.133	74.315	35.657	21.807	134.484	5	1	0	0
1717496658	135.534	49.779	23.141	74.041	35.676	21.812	134.466	5	1	0	0
1717496659	135.556	49.785	23.148	73.974	35.694	21.818	134.483	5	1	0	0
1717496660	135.252	49.792	23.156	73.939	35.713	21.823	134.470	5	1	0	0
1717496661	135.674	49.799	23.163	73.995	35.732	21.828	134.471	5	1	0	0
1717496662	136.890	49.806	23.171	73.891	35.751	21.833	134.430	5	1	0	0
1717496663	136.126	49.812	23.178	73.857	35.770	21.837	134.462	5	1	0	0
1717496664	135.711	49.819	23.186	73.600	35.789	21.843	134.438	5	1	0	0
1717496665	135.615	49.825	23.194	73.728	35.807	21.847	134.491	5	1	0	0
1717496666	135.400	49.833	23.201	73.622	35.826	21.852	134.447	5	1	0	0
1717496667	133.931	49.839	23.209	73.579	35.844	21.857	134.451	5	1	0	0
1717496668	135.534	49.846	23.216	73.651	35.863	21.862	134.466	5	1	0	0
1717496669	137.105	49.853	23.223	73.475	35.882	21.867	134.420	5	1	0	0
1717496670	135.689	49.860	23.231	73.344	35.900	21.872	134.437	5	1	0	0
1717496671	135.460	49.866	23.238	73.405	35.919	21.876	134.396	5	1	0	0
1717496672	136.630	49.873	23.245	73.287	35.937	21.881	134.437	5	1	0	0
1717496673	133.764	49.879	23.253	73.138	35.955	21.886	134.422	5	1	0	0
1717496674	134.724	49.886	23.260	73.215	35.973	21.890	134.409	5	1	0	0
1717496675	135.882	49.893	23.267	73.162	35.992	21.895	134.401	5	1	0	0
1717496676	134.131	49.900	23.274	73.118	36.009	21.900	134.379	5	1	0	0
1717496677	136.104	49.907	23.282	72.971	36.027	21.904	134.359	5	1	0	0
1717496678	136.067	49.914	23.289	73.036	36.045	21.909	134.438	5	1	0	0
1717496679	134.720	49.920	23.296	72.712	36.063	21.913	134.423	5	1	0	0
1717496680	135.652	49.928	23.303	72.683	36.081	21.918	134.410	5	1	0	0
1717496681	135.067	49.934	23.310	72.857	36.098	21.922	134.409	5	1	0	0
1717496682	135.608	49.941	23.317	72.582	36.117	21.927	134.397	5	1	0	0
1717496683	134.546	49.948	23.324	72.593	36.134	21.931	134.369	5	1	0	0
1717496684	133.909	49.955	23.331	72.809	36.152	21.936	134.381	5	1	0	0
1717496685	134.053	49.961	23.338	72.754	36.170	21.940	134.369	5	1	0	0
1717496686	134.628	49.968	23.345	72.418	36.188	21.945	134.380	5	1	0	0
1717496687	135.296	49.975	23.352	72.260	36.206	21.949	134.415	5	1	0	0
1717496688	135.200	49.981	23.359	72.343	36.224	21.953	134.356	5	1	0	0
1717496689	136.089	49.989	23.366	72.347	36.242	21.957	134.334	5	1	0	0
1717496690	133.327	49.995	23.373	72.160	36.259	21.962	134.374	5	1	0	0
1717496691	133.805	50.002	23.380	72.250	36.277	21.966	134.328	5	1	0	0
1717496692	134.994	50.009	23.386	71.942	36.294	21.970	134.352	5	1	0	0
1717496693	134.505	50.015	23.393	71.775	36.311	21.974	134.385	5	1	0	0
1717496694	136.771	50.022	23.400	72.046	36.329	21.979	134.338	5	1	0	0
1717496695	137.490	50.028	23.407	71.945	36.346	21.983	134.354	5	1	0	0
1717496696	135.371	50.035	23.413	71.828	36.364	21.987	134.329	5	1	0	0
1717496697	133.134	50.041	23.420	71.809	36.381	21.991	134.323	5	1	0	0
1717496698	135.215	50.048	23.427	71.749	36.398	21.995	134.352	5	1	0	0
1717496699	135.489	50.055	23.434	71.540	36.416	21.999	134.315	5	1	0	0
1717496700	134.661	50.061	23.440	71.458	36.433	22.007	134.330	5	1	0	0
1717496701	135.037	50.068	23.447	71.767	36.450	22.016	134.321	5	1	0	0
1717496702	136.171	50.075	23.454	71.648	36.467	22.024	134.301	5	1	0	0
1717496703	135.252	50.082	23.460	71.399	36.485	22.032	134.323	5	1	0	0
1717496704	135.282	50.088	23.467	71.376	36.502	22.041	134.296	5	1	0	0
1717496705	135.259	50.095	23.473	71.366	36.520	22.049	134.293	5	1	0	0
1717496706	135.089	50.102	23.480	71.138	36.537	22.057	134.320	5	1	0	0
1717496707	134.427	50.108	23.487	71.233	36.555	22.066	134.293	5	1	0	0
1717496708	134.227	50.115	23.493	71.362	36.572	22.074	134.304	5	1	0	0
1717496709	134.550	50.121	23.500	71.117	36.590	22.082	134.281	5	1	0	0
1717496710	134.064	50.128	23.506	70.880	36.607	22.090	134.275	5	1	0	0
1717496711	135.904	50.134	23.513	71.121	36.624	22.098	134.281	5	1	0	0
1717496712	134.705	50.140	23.519	71.098	36.641	22.106	134.256	5	1	0	0
1717496713	134.409	50.146	23.526	70.922	36.658	22.114	134.264	5	1	0	0
1717496714	134.172	50.152	23.532	70.802	36.674	22.122	134.237	5	1	0	0
1717496715	134.783	50.158	23.538	70.880	36.691	22.130	134.247	5	1	0	0
1717496716	134.164	50.165	23.545	70.587	36.708	22.138	134.277	5	1	0	0
1717496717	135.015	50.171	23.551	70.759	36.724	22.145	134.242	5	1	0	0
1717496718	134.424	50.177	23.557	70.587	36.741	22.153	134.246	5	1	0	0
1717496719	135.408	50.183	23.564	70.391	36.758	22.161	134.271	5	1	0	0
1717496720	134.976	50.189	23.570	70.272	36.774	22.169	134.227	5	1	0	0
1717496721	136.245	50.195	23.576	70.256	36.791	22.176	134.262	5	1	0	0
1717496722	137.090	50.201	23.582	70.433	36.807	22.184	134.210	5	1	0	0
1717496723	135.548	50.207	23.589	70.275	36.824	22.191	134.243	5	1	0	0
1717496724	135.563	50.213	23.595	70.398	36.840	22.199	134.217	5	1	0	0
1717496725	134.457	50.219	23.601	70.192	36.857	22.206	134.225	5	1	0	0
1717496726	135.296	50.225	23.607	70.024	36.874	22.214	134.197	5	1	0	0
1717496727	135.652	50.231	23.613	70.019	36.890	22.221	134.186	5	1	0	0
1717496728	134.709	50.237	23.620	70.158	36.907	22.229	134.199	5	1	0	0
1717496729	134.009	50.243	23.626	70.090	36.923	22.236	134.185	5	1	0	0
1717496730	135.437	50.250	23.632	69.719	36.940	22.244	134.196	5	1	0	0
1717496731	134.794	50.256	23.638	69.821	36.956	22.251	134.189	5	1	0	0
1717496732	135.348	50.262	23.644	69.681	36.973	22.258	134.180	5	1	0	0
1717496733	135.941	50.268	23.650	69.650	36.989	22.265	134.176	5	1	0	0
1717496734	135.393	50.275	23.656	69.593	37.006	22.272	134.189	5	1	0	0
1717496735	136.579	50.281	23.662	69.543	37.022	22.279	134.152	5	1	0	0
1717496736	134.709	50.287	23.668	69.521	37.038	22.287	134.181	5	1	0	0
1717496737	135.282	50.293	23.674	69.435	37.054	22.294	134.212	5	1	0	0
1717496738	135.222	50.298	23.680	69.340	37.071	22.301	134.139	5	1	0	0
1717496739	134.313	50.304	23.686	69.417	37.087	22.308	134.140	5	1	0	0
1717496740	134.557	50.311	23.692	69.248	37.103	22.315	134.168	5	1	0	0
1717496741	134.427	50.317	23.698	69.223	37.119	22.322	134.126	5	1	0	0
1717496742	135.526	50.323	23.703	69.349	37.135	22.328	134.158	5	1	0	0
1717496743	135.282	50.328	23.709	68.962	37.151	22.335	134.154	5	1	0	0
1717496744	132.371	50.334	23.715	69.036	37.167	22.342	134.123	5	1	0	0
1717496745	133.642	50.340	23.721	68.917	37.184	22.349	134.133	5	1	0	0
1717496746	135.334	50.346	23.727	68.776	37.200	22.356	134.148	5	1	0	0
1717496747	134.168	50.352	23.732	68.771	37.215	22.362	134.137	5	1	0	0
1717496748	135.875	50.358	23.738	68.724	37.231	22.369	134.178	5	1	0	0
1717496749	134.435	50.364	23.744	68.705	37.247	22.376	134.136	5	1	0	0
1717496750	135.267	50.370	23.750	68.588	37.263	22.383	134.149	5	1	0	0
1717496751	133.716	50.376	23.755	68.529	37.279	22.389	134.098	5	1	0	0
1717496752	134.872	50.382	23.761	68.514	37.295	22.396	134.107	5	1	0	0
1717496753	134.716	50.388	23.767	68.446	37.311	22.402	134.119	5	1	0	0
1717496754	134.064	50.394	23.773	68.373	37.327	22.409	134.086	5	1	0	0
1717496755	134.694	50.401	23.778	68.476	37.343	22.415	134.114	5	1	0	0
1717496756	135.585	50.407	23.784	68.372	37.359	22.422	134.088	5	1	0	0
1717496757	133.771	50.414	23.790	68.165	37.375	22.428	134.089	5	1	0	0
1717496758	134.616	50.421	23.796	68.251	37.391	22.434	134.091	5	1	0	0
1717496759	136.868	50.427	23.801	68.213	37.407	22.441	134.087	5	1	0	0
1717496760	134.009	50.433	23.807	68.103	37.423	22.447	134.089	5	1	0	0
1717496761	133.445	50.440	23.812	67.967	37.439	22.454	134.089	5	1	0	0
1717496762	135.304	50.446	23.818	68.058	37.455	22.460	134.055	5	1	0	0
1717496763	135.007	50.452	23.823	67.857	37.470	22.466	134.032	5	1	0	0
1717496764	133.534	50.458	23.829	67.840	37.486	22.472	134.066	5	1	0	0
1717496765	136.260	50.464	23.835	67.902	37.502	22.479	134.063	5	1	0	0
1717496766	134.994	50.471	23.840	67.582	37.518	22.485	134.049	5	1	0	0
1717496767	133.316	50.476	23.846	67.580	37.533	22.491	134.028	5	1	0	0
1717496768	133.527	50.483	23.851	67.440	37.549	22.497	134.046	5	1	0	0
1717496769	134.201	50.489	23.856	67.400	37.565	22.503	134.082	5	1	0	0
1717496770	135.067	50.494	23.862	67.375	37.580	22.509	134.056	5	1	0	0
1717496771	134.472	50.500	23.867	67.527	37.596	22.515	134.017	5	1	0	0
1717496772	135.674	50.506	23.872	67.390	37.611	22.521	134.023	5	1	0	0
1717496773	135.289	50.511	23.878	67.206	37.627	22.527	134.031	5	1	0	0
1717496774	135.623	50.516	23.883	67.273	37.641	22.533	134.020	5	1	0	0
1717496775	134.994	50.521	23.889	67.240	37.657	22.539	134.046	5	1	0	0
1717496776	134.813	50.526	23.894	67.100	37.672	22.545	134.023	5	1	0	0
1717496777	133.983	50.532	23.899	66.892	37.686	22.551	133.977	5	1	0	0
1717496778	134.472	50.538	23.905	66.922	37.701	22.557	134.019	5	1	0	0
1717496779	133.616	50.543	23.910	67.008	37.716	22.562	133.981	5	1	0	0
1717496780	133.734	50.549	23.915	66.849	37.731	22.568	133.978	5	1	0	0
1717496781	134.309	50.555	23.921	66.693	37.747	22.574	133.997	5	1	0	0
1717496782	134.105	50.560	23.926	66.665	37.762	22.580	134.025	5	1	0	0
1717496783	134.413	50.565	23.931	66.615	37.777	22.585	133.993	5	1	0	0
1717496784	134.539	50.571	23.936	66.762	37.792	22.591	133.994	5	1	0	0
1717496785	135.111	50.577	23.941	66.604	37.807	22.597	134.023	5	1	0	0
1717496786	134.420	50.582	23.946	66.444	37.822	22.602	133.983	5	1	0	0
1717496787	133.616	50.588	23.951	66.298	37.837	22.608	133.964	5	1	0	0
1717496788	133.619	50.594	23.956	66.372	37.852	22.614	133.976	5	1	0	0
1717496789	134.687	50.600	23.961	66.354	37.866	22.619	133.962	5	1	0	0
1717496790	133.356	50.605	23.966	66.162	37.882	22.625	133.975	5	1	0	0
1717496791	133.401	50.611	23.971	66.150	37.896	22.630	133.966	5	1	0	0
1717496792	133.279	50.617	23.977	66.087	37.911	22.636	133.923	5	1	0	0
1717496793	136.186	50.623	23.982	65.987	37.926	22.641	133.931	5	1	0	0
1717496794	134.027	50.628	23.987	65.991	37.941	22.647	133.931	5	1	0	0
1717496795	132.634	50.633	23.992	66.001	37.955	22.652	133.925	5	1	0	0
1717496796	133.364	50.639	23.997	65.902	37.969	22.658	133.919	5	1	0	0
1717496797	132.723	50.645	24.002	65.605	37.984	22.663	133.917	5	1	0	0
1717496798	133.923	50.650	24.009	65.805	37.998	22.668	133.948	5	1	0	0
1717496799	134.868	50.656	24.016	65.681	38.013	22.674	133.905	5	1	0	0
1717496800	134.261	50.661	24.023	65.529	38.027	22.679	133.906	5	1	0	0
1717496801	133.379	50.666	24.030	65.499	38.041	22.684	133.902	5	1	0	0
1717496802	135.926	50.672	24.037	65.646	38.056	22.689	133.931	5	1	0	0
1717496803	135.741	50.677	24.044	65.368	38.070	22.695	133.896	5	1	0	0
1717496804	134.672	50.683	24.050	65.282	38.084	22.700	133.879	5	1	0	0
1717496805	132.849	50.689	24.057	65.217	38.098	22.705	133.875	5	1	0	0
1717496806	134.405	50.695	24.064	65.226	38.112	22.710	133.883	5	1	0	0
1717496807	134.235	50.701	24.071	65.196	38.126	22.715	133.897	5	1	0	0
1717496808	133.078	50.706	24.078	65.018	38.141	22.721	133.892	5	1	0	0
1717496809	133.753	50.712	24.084	64.970	38.155	22.726	133.874	5	1	0	0
1717496810	134.513	50.717	24.091	65.024	38.169	22.731	133.844	5	1	0	0
1717496811	133.927	50.723	24.098	64.879	38.184	22.736	133.807	5	1	0	0
1717496812	135.341	50.729	24.105	64.931	38.198	22.741	133.879	5	1	0	0
1717496813	133.408	50.735	24.111	64.857	38.212	22.746	133.847	5	1	0	0
1717496814	133.027	50.740	24.118	64.746	38.226	22.751	133.815	5	1	0	0
1717496815	133.549	50.747	24.125	64.722	38.240	22.756	133.865	5	1	0	0
1717496816	135.015	50.753	24.131	64.679	38.255	22.761	133.832	5	1	0	0
1717496817	135.119	50.759	24.138	64.503	38.270	22.766	133.818	5	1	0	0
1717496818	134.420	50.765	24.145	64.367	38.283	22.771	133.846	5	1	0	0
1717496819	134.865	50.770	24.152	64.447	38.297	22.776	133.843	5	1	0	0
1717496820	134.709	50.776	24.158	64.349	38.312	22.780	133.795	5	1	0	0
1717496821	134.357	50.781	24.165	64.347	38.326	22.785	133.835	5	1	0	0
1717496822	135.334	50.787	24.171	64.214	38.340	22.790	133.820	5	1	0	0
1717496823	134.831	50.793	24.178	64.220	38.354	22.795	133.791	5	1	0	0
1717496824	133.605	50.799	24.184	64.060	38.368	22.800	133.825	5	1	0	0
1717496825	133.138	50.805	24.191	64.005	38.382	22.805	133.806	5	1	0	0
1717496826	134.224	50.811	24.198	63.963	38.395	22.809	133.778	5	1	0	0
1717496827	133.127	50.817	24.204	63.849	38.409	22.814	133.804	5	1	0	0
1717496828	133.416	50.823	24.211	63.845	38.423	22.819	133.795	5	1	0	0
1717496829	135.193	50.828	24.217	63.830	38.438	22.824	133.782	5	1	0	0
1717496830	134.016	50.834	24.223	63.886	38.452	22.828	133.826	5	1	0	0
1717496831	133.794	50.839	24.230	63.677	38.465	22.833	133.798	5	1	0	0
1717496832	134.035	50.844	24.236	63.702	38.479	22.838	133.790	5	1	0	0
1717496833	135.222	50.849	24.242	63.505	38.493	22.842	133.764	5	1	0	0
1717496834	135.156	50.854	24.248	63.419	38.506	22.847	133.784	5	1	0	0
1717496835	134.279	50.860	24.254	63.312	38.520	22.851	133.765	5	1	0	0
1717496836	133.638	50.865	24.261	63.367	38.533	22.856	133.789	5	1	0	0
1717496837	133.086	50.869	24.267	63.197	38.547	22.860	133.762	5	1	0	0
1717496838	135.245	50.875	24.273	63.210	38.560	22.865	133.758	5	1	0	0
1717496839	133.909	50.880	24.279	63.281	38.574	22.869	133.759	5	1	0	0
1717496840	134.557	50.885	24.285	63.098	38.587	22.874	133.724	5	1	0	0
1717496841	133.627	50.890	24.291	62.799	38.599	22.878	133.736	5	1	0	0
1717496842	134.383	50.894	24.297	62.805	38.613	22.883	133.730	5	1	0	0
1717496843	135.556	50.899	24.303	62.743	38.626	22.887	133.724	5	1	0	0
1717496844	133.868	50.904	24.309	62.676	38.640	22.892	133.721	5	1	0	0
1717496845	133.812	50.909	24.316	62.743	38.653	22.896	133.692	5	1	0	0
1717496846	133.912	50.914	24.322	62.676	38.666	22.901	133.699	5	1	0	0
1717496847	135.200	50.919	24.328	62.616	38.680	22.905	133.688	5	1	0	0
1717496848	132.949	50.925	24.334	62.632	38.693	22.909	133.734	5	1	0	0
1717496849	134.168	50.930	24.340	62.517	38.706	22.914	133.694	5	1	0	0
1717496850	135.000	50.935	24.345	62.440	38.720	22.918	133.677	5	1	0	0
1717496851	135.408	50.940	24.351	62.479	38.734	22.922	133.704	5	1	0	0
1717496852	134.516	50.945	24.358	62.332	38.747	22.927	133.704	5	1	0	0
1717496853	134.238	50.950	24.363	62.440	38.760	22.931	133.709	5	1	0	0
1717496854	132.760	50.955	24.370	62.161	38.773	22.935	133.713	5	1	0	0
1717496855	133.938	50.960	24.376	62.129	38.786	22.939	133.665	5	1	0	0
1717496856	133.653	50.965	24.381	62.086	38.799	22.944	133.682	5	1	0	0
1717496857	134.098	50.969	24.387	62.114	38.812	22.948	133.652	5	1	0	0
1717496858	134.872	50.974	24.393	61.937	38.825	22.952	133.675	5	1	0	0
1717496859	134.694	50.979	24.399	61.937	38.838	22.956	133.685	5	1	0	0
1717496860	133.723	50.985	24.404	61.922	38.850	22.960	133.647	5	1	0	0
1717496861	132.763	50.990	24.410	61.920	38.863	22.965	133.635	5	1	0	0
1717496862	134.086	50.994	24.416	61.745	38.876	22.969	133.644	5	1	0	0
1717496863	133.931	51.000	24.422	61.728	38.888	22.973	133.676	5	1	0	0
1717496864	135.000	51.005	24.427	61.566	38.901	22.977	133.637	5	1	0	0
1717496865	134.683	51.010	24.433	61.678	38.914	22.981	133.651	5	1	0	0
1717496866	132.300	51.015	24.439	61.585	38.927	22.985	133.627	5	1	0	0
1717496867	133.149	51.020	24.444	61.413	38.940	22.989	133.609	5	1	0	0
1717496868	133.979	51.025	24.450	61.355	38.953	22.993	133.594	5	1	0	0
1717496869	132.793	51.029	24.455	61.334	38.966	22.997	133.624	5	1	0	0
1717496870	133.316	51.033	24.461	61.268	38.978	23.002	133.622	5	1	0	0
1717496871	132.737	51.038	24.466	61.217	38.992	23.009	133.642	5	1	0	0
1717496872	131.618	51.043	24.472	61.170	39.004	23.016	133.590	5	1	0	0
1717496873	134.590	51.047	24.477	61.099	39.016	23.023	133.622	5	1	0	0
1717496874	133.212	51.052	24.483	61.036	39.029	23.030	133.594	5	1	0	0
1717496875	132.467	51.056	24.488	61.013	39.041	23.037	133.555	5	1	0	0
1717496876	134.046	51.061	24.493	60.943	39.054	23.044	133.589	5	1	0	0
1717496877	133.175	51.066	24.499	60.806	39.067	23.051	133.619	5	1	0	0
1717496878	132.552	51.071	24.504	60.760	39.079	23.058	133.590	5	1	0	0
1717496879	134.179	51.076	24.509	60.773	39.091	23.065	133.627	5	1	0	0
1717496880	134.620	51.081	24.515	60.670	39.104	23.072	133.602	5	1	0	0
1717496881	132.478	51.086	24.520	60.563	39.117	23.078	133.578	5	1	0	0
1717496882	132.630	51.091	24.526	60.475	39.129	23.085	133.549	5	1	0	0
1717496883	136.364	51.096	24.532	60.521	39.142	23.092	133.561	5	1	0	0
1717496884	135.452	51.101	24.537	60.455	39.155	23.099	133.526	5	1	0	0
1717496885	134.861	51.107	24.542	60.373	39.167	23.105	133.517	5	1	0	0
1717496886	134.509	51.112	24.547	60.437	39.179	23.112	133.539	5	1	0	0
1717496887	135.282	51.117	24.553	60.158	39.192	23.118	133.524	5	1	0	0
1717496888	133.279	51.123	24.558	60.051	39.204	23.125	133.513	5	1	0	0
1717496889	134.694	51.128	24.563	60.172	39.217	23.132	133.526	5	1	0	0
1717496890	134.809	51.132	24.568	60.078	39.229	23.138	133.559	5	1	0	0
1717496891	133.012	51.137	24.573	59.940	39.242	23.145	133.537	5	1	0	0
1717496892	134.857	51.142	24.578	59.985	39.254	23.151	133.507	5	1	0	0
1717496893	134.887	51.147	24.584	60.005	39.266	23.158	133.489	5	1	0	0
1717496894	133.505	51.152	24.589	59.806	39.278	23.165	133.497	5	1	0	0
1717496895	132.259	51.157	24.595	59.643	39.291	23.171	133.486	5	1	0	0
1717496896	133.812	51.163	24.600	59.689	39.303	23.178	133.502	5	1	0	0
1717496897	133.319	51.168	24.605	59.608	39.315	23.184	133.498	5	1	0	0
1717496898	134.724	51.173	24.610	59.557	39.327	23.191	133.487	5	1	0	0
1717496899	133.927	51.178	24.615	59.393	39.340	23.197	133.485	5	1	0	0
1717496900	134.313	51.183	24.620	59.355	39.352	23.203	133.469	5	1	0	0
1717496901	132.904	51.188	24.625	59.498	39.364	23.210	133.483	5	1	0	0
1717496902	132.682	51.193	24.630	59.405	39.376	23.216	133.450	5	1	0	0
1717496903	132.986	51.198	24.635	59.380	39.388	23.222	133.481	5	1	0	0
1717496904	133.023	51.203	24.640	59.312	39.401	23.228	133.503	5	1	0	0
1717496905	133.649	51.208	24.645	59.214	39.413	23.235	133.445	5	1	0	0
1717496906	134.461	51.213	24.650	59.105	39.425	23.241	133.471	5	1	0	0
1717496907	134.957	51.218	24.655	58.952	39.437	23.247	133.444	5	1	0	0
1717496908	134.550	51.222	24.660	58.944	39.449	23.253	133.414	5	1	0	0
1717496909	133.946	51.227	24.665	58.969	39.462	23.259	133.445	5	1	0	0
1717496910	133.883	51.233	24.670	58.928	39.474	23.265	133.447	5	1	0	0
1717496911	133.249	51.237	24.675	58.843	39.486	23.272	133.395	5	1	0	0
1717496912	132.849	51.242	24.680	58.721	39.499	23.278	133.456	5	1	0	0
1717496913	135.334	51.247	24.685	58.707	39.511	23.284	133.433	5	1	0	0
1717496914	132.863	51.252	24.690	58.688	39.523	23.290	133.416	5	1	0	0
1717496915	132.641	51.257	24.695	58.594	39.535	23.296	133.428	5	1	0	0
1717496916	132.986	51.261	24.700	58.574	39.547	23.302	133.412	5	1	0	0
1717496917	133.671	51.266	24.705	58.490	39.559	23.308	133.423	5	1	0	0
1717496918	131.155	51.270	24.710	58.375	39.571	23.314	133.359	5	1	0	0
1717496919	131.893	51.275	24.714	58.291	39.583	23.320	133.429	5	1	0	0
1717496920	132.511	51.279	24.719	58.314	39.595	23.326	133.404	5	1	0	0
1717496921	133.178	51.283	24.724	58.092	39.607	23.332	133.382	5	1	0	0
1717496922	132.404	51.287	24.729	58.085	39.619	23.338	133.396	5	1	0	0
1717496923	132.719	51.291	24.733	58.158	39.631	23.343	133.365	5	1	0	0
1717496924	133.690	51.295	24.738	58.007	39.642	23.349	133.341	5	1	0	0
1717496925	132.812	51.299	24.743	58.052	39.654	23.355	133.379	5	1	0	0
1717496926	132.945	51.304	24.747	57.912	39.665	23.361	133.376	5	1	0	0
1717496927	133.178	51.309	24.752	57.818	39.677	23.367	133.351	5	1	0	0
1717496928	133.286	51.312	24.757	57.796	39.688	23.372	133.370	5	1	0	0
1717496929	132.504	51.317	24.762	57.832	39.700	23.378	133.351	5	1	0	0
1717496930	134.149	51.321	24.766	57.724	39.711	23.384	133.348	5	1	0	0
1717496931	132.823	51.325	24.771	57.634	39.722	23.390	133.349	5	1	0	0
1717496932	133.301	51.330	24.775	57.549	39.734	23.395	133.366	5	1	0	0
1717496933	132.285	51.334	24.780	57.437	39.746	23.401	133.339	5	1	0	0
1717496934	133.590	51.338	24.784	57.362	39.757	23.407	133.318	5	1	0	0
1717496935	131.811	51.341	24.789	57.296	39.769	23.413	133.310	5	1	0	0
1717496936	131.507	51.346	24.793	57.334	39.780	23.418	133.325	5	1	0	0
1717496937	132.493	51.350	24.798	57.310	39.791	23.424	133.315	5	1	0	0
1717496938	130.966	51.354	24.802	57.281	39.802	23.429	133.340	5	1	0	0
1717496939	131.818	51.359	24.807	57.182	39.814	23.434	133.302	5	1	0	0
1717496940	133.823	51.363	24.811	57.104	39.825	23.440	133.286	5	1	0	0
1717496941	133.434	51.367	24.816	57.014	39.837	23.446	133.304	5	1	0	0
1717496942	133.156	51.371	24.820	56.987	39.848	23.451	133.292	5	1	0	0
1717496943	133.442	51.375	24.825	56.956	39.859	23.457	133.302	5	1	0	0
1717496944	133.493	51.379	24.828	56.872	39.871	23.462	133.255	5	1	0	0
1717496945	133.846	51.383	24.833	56.780	39.882	23.467	133.275	5	1	0	0
1717496946	133.686	51.388	24.837	56.714	39.893	23.473	133.266	5	1	0	0
1717496947	134.957	51.392	24.842	56.739	39.904	23.478	133.295	5	1	0	0
1717496948	132.611	51.396	24.846	56.553	39.916	23.483	133.245	5	1	0	0
1717496949	132.530	51.400	24.850	56.595	39.927	23.489	133.269	5	1	0	0
1717496950	133.230	51.404	24.855	56.496	39.938	23.494	133.244	5	1	0	0
1717496951	133.527	51.407	24.859	56.447	39.949	23.499	133.267	5	1	0	0
1717496952	131.681	51.412	24.863	56.267	39.960	23.505	133.233	5	1	0	0
1717496953	132.956	51.416	24.867	56.313	39.971	23.510	133.268	5	1	0	0
1717496954	133.842	51.420	24.872	56.244	39.982	23.515	133.215	5	1	0	0
1717496955	133.145	51.424	24.876	56.209	39.993	23.520	133.234	5	1	0	0
1717496956	131.322	51.428	24.880	56.129	40.004	23.526	133.217	5	1	0	0
1717496957	134.049	51.432	24.884	56.010	40.015	23.531	133.203	5	1	0	0
1717496958	132.860	51.436	24.888	55.943	40.026	23.536	133.235	5	1	0	0
1717496959	132.830	51.440	24.892	55.938	40.037	23.541	133.194	5	1	0	0
1717496960	131.841	51.445	24.896	56.006	40.048	23.546	133.236	5	1	0	0
1717496961	133.998	51.449	24.901	55.861	40.059	23.551	133.182	5	1	0	0
1717496962	133.712	51.453	24.905	55.861	40.069	23.556	133.210	5	1	0	0
1717496963	133.241	51.457	24.909	55.672	40.080	23.561	133.186	5	1	0	0
1717496964	132.104	51.461	24.913	55.666	40.090	23.566	133.219	5	1	0	0
1717496965	131.881	51.466	24.917	55.658	40.101	23.571	133.188	5	1	0	0
1717496966	132.204	51.470	24.921	55.534	40.111	23.576	133.177	5	1	0	0
1717496967	133.686	51.474	24.925	55.488	40.122	23.581	133.137	5	1	0	0
1717496968	133.442	51.478	24.929	55.449	40.133	23.586	133.181	5	1	0	0
1717496969	133.382	51.482	24.933	55.367	40.144	23.591	133.198	5	1	0	0
1717496970	132.730	51.486	24.937	55.339	40.154	23.596	133.178	5	1	0	0
1717496971	133.219	51.490	24.941	55.308	40.165	23.601	133.188	5	1	0	0
1717496972	131.192	51.495	24.945	55.203	40.175	23.606	133.166	5	1	0	0
1717496973	131.941	51.498	24.949	55.191	40.186	23.611	133.169	5	1	0	0
1717496974	133.301	51.503	24.953	55.165	40.197	23.616	133.156	5	1	0	0
1717496975	132.441	51.507	24.957	55.087	40.207	23.621	133.170	5	1	0	0
1717496976	133.649	51.511	24.960	55.050	40.218	23.625	133.153	5	1	0	0
1717496977	132.860	51.515	24.964	54.986	40.228	23.630	133.147	5	1	0	0
1717496978	133.957	51.519	24.968	54.952	40.239	23.635	133.132	5	1	0	0
1717496979	132.285	51.523	24.972	54.797	40.249	23.640	133.123	5	1	0	0
1717496980	132.389	51.528	24.976	54.805	40.260	23.645	133.110	5	1	0	0
1717496981	133.927	51.532	24.980	54.721	40.271	23.649	133.123	5	1	0	0
1717496982	133.994	51.536	24.983	54.672	40.282	23.654	133.081	5	1	0	0
1717496983	132.078	51.540	24.987	54.608	40.292	23.659	133.127	5	1	0	0
1717496984	132.615	51.544	24.991	54.612	40.303	23.663	133.101	5	1	0	0
1717496985	132.756	51.549	24.995	54.526	40.313	23.668	133.089	5	1	0	0
1717496986	132.563	51.553	24.999	54.509	40.323	23.672	133.090	5	1	0	0
1717496987	133.849	51.557	25.003	54.442	40.333	23.677	133.084	5	1	0	0
1717496988	134.201	51.561	25.008	54.296	40.343	23.682	133.093	5	1	0	0
1717496989	132.204	51.565	25.012	54.255	40.354	23.687	133.044	5	1	0	0
1717496990	132.200	51.569	25.017	54.282	40.365	23.691	133.103	5	1	0	0
1717496991	133.260	51.573	25.021	54.231	40.375	23.696	133.060	5	1	0	0
1717496992	132.408	51.577	25.026	54.102	40.386	23.700	133.057	5	1	0	0
1717496993	133.371	51.581	25.031	54.008	40.396	23.705	133.031	5	1	0	0
1717496994	133.508	51.584	25.035	53.959	40.406	23.709	133.035	5	1	0	0
1717496995	132.130	51.588	25.040	53.837	40.416	23.714	133.051	5	1	0	0
1717496996	132.815	51.592	25.044	53.860	40.426	23.718	133.021	5	1	0	0
1717496997	131.600	51.596	25.048	53.782	40.436	23.723	133.048	5	1	0	0
1717496998	133.983	51.600	25.053	53.670	40.446	23.727	133.019	5	1	0	0
1717496999	132.856	51.603	25.057	53.632	40.456	23.732	133.039	5	1	0	0
1717497000	133.134	51.608	25.061	53.692	40.466	23.736	133.034	5	1	0	0
1717497001	133.827	51.611	25.066	53.618	40.477	23.741	133.011	5	1	0	0
1717497002	132.856	51.615	25.071	53.623	40.487	23.745	133.014	5	1	0	0
1717497003	132.652	51.620	25.075	53.543	40.497	23.749	133.005	5	1	0	0
1717497004	133.356	51.623	25.079	53.379	40.507	23.754	133.009	5	1	0	0
1717497005	133.175	51.626	25.084	53.369	40.517	23.758	132.999	5	1	0	0
1717497006	132.678	51.630	25.088	53.310	40.527	23.762	133.003	5	1	0	0
1717497007	132.567	51.634	25.092	53.297	40.537	23.767	132.998	5	1	0	0
1717497008	132.663	51.638	25.096	53.274	40.547	23.771	132.982	5	1	0	0
1717497009	131.570	51.641	25.101	53.061	40.557	23.775	133.006	5	1	0	0
1717497010	130.644	51.645	25.105	53.147	40.567	23.780	132.983	5	1	0	0
1717497011	134.020	51.649	25.109	53.056	40.577	23.784	132.979	5	1	0	0
1717497012	132.311	51.652	25.113	52.900	40.587	23.788	132.958	5	1	0	0
1717497013	132.400	51.656	25.118	52.978	40.597	23.793	132.921	5	1	0	0
1717497014	132.085	51.659	25.122	52.987	40.607	23.797	132.949	5	1	0	0
1717497015	132.956	51.663	25.126	52.933	40.616	23.801	132.976	5	1	0	0
1717497016	131.833	51.666	25.130	52.828	40.626	23.805	132.962	5	1	0	0
1717497017	132.044	51.670	25.134	52.818	40.636	23.809	132.965	5	1	0	0
1717497018	133.064	51.673	25.138	52.755	40.646	23.814	132.958	5	1	0	0
1717497019	132.241	51.677	25.142	52.634	40.656	23.818	132.918	5	1	0	0
1717497020	132.504	51.681	25.146	52.557	40.665	23.822	132.949	5	1	0	0
1717497021	131.574	51.684	25.150	52.590	40.675	23.826	132.959	5	1	0	0
1717497022	131.904	51.687	25.155	52.482	40.685	23.830	132.934	5	1	0	0
1717497023	133.749	51.691	25.159	52.348	40.694	23.834	132.867	5	1	0	0
1717497024	132.311	51.694	25.163	52.374	40.704	23.838	132.917	5	1	0	0
1717497025	131.707	51.698	25.167	52.274	40.714	23.842	132.903	5	1	0	0
1717497026	130.973	51.702	25.171	52.233	40.724	23.846	132.908	5	1	0	0
1717497027	131.729	51.706	25.175	52.271	40.734	23.851	132.888	5	1	0	0
1717497028	133.542	51.710	25.179	52.164	40.744	23.854	132.908	5	1	0	0
1717497029	132.849	51.714	25.183	52.062	40.753	23.858	132.896	5	1	0	0
1717497030	131.437	51.717	25.187	52.100	40.764	23.862	132.875	5	1	0	0
1717497031	132.411	51.721	25.191	52.069	40.773	23.866	132.891	5	1	0	0
1717497032	132.482	51.724	25.195	51.952	40.783	23.870	132.893	5	1	0	0
1717497033	130.251	51.727	25.199	51.940	40.793	23.874	132.864	5	1	0	0
1717497034	131.400	51.731	25.203	51.907	40.803	23.878	132.853	5	1	0	0
1717497035	132.493	51.734	25.207	51.771	40.813	23.883	132.877	5	1	0	0
1717497036	131.418	51.737	25.211	51.678	40.822	23.886	132.894	5	1	0	0
1717497037	131.889	51.741	25.214	51.809	40.832	23.890	132.843	5	1	0	0
1717497038	132.934	51.744	25.218	51.635	40.842	23.894	132.832	5	1	0	0
1717497039	131.826	51.747	25.222	51.582	40.851	23.898	132.849	5	1	0	0
1717497040	131.889	51.750	25.226	51.461	40.860	23.902	132.861	5	1	0	0
1717497041	133.960	51.753	25.229	51.475	40.870	23.905	132.817	5	1	0	0
1717497042	132.085	51.756	25.233	51.330	40.879	23.909	132.835	5	1	0	0
1717497043	132.448	51.759	25.237	51.349	40.888	23.913	132.845	5	1	0	0
1717497044	133.316	51.762	25.240	51.336	40.898	23.917	132.826	5	1	0	0
1717497045	132.882	51.765	25.244	51.234	40.907	23.921	132.812	5	1	0	0
1717497046	132.604	51.768	25.247	51.211	40.917	23.924	132.827	5	1	0	0
1717497047	132.174	51.771	25.251	51.193	40.926	23.928	132.818	5	1	0	0
1717497048	133.023	51.774	25.254	51.225	40.935	23.932	132.767	5	1	0	0
1717497049	132.278	51.777	25.258	51.054	40.944	23.935	132.775	5	1	0	0
1717497050	132.422	51.781	25.261	50.970	40.953	23.939	132.808	5	1	0	0
1717497051	133.127	51.784	25.265	50.951	40.962	23.943	132.777	5	1	0	0
1717497052	132.452	51.787	25.269	50.840	40.972	23.946	132.758	5	1	0	0
1717497053	130.970	51.790	25.272	50.773	40.981	23.950	132.768	5	1	0	0
1717497054	131.529	51.794	25.276	50.797	40.990	23.953	132.798	5	1	0	0
1717497055	133.290	51.798	25.279	50.661	41.000	23.957	132.758	5	1	0	0
1717497056	132.578	51.801	25.283	50.613	41.008	23.961	132.787	5	1	0	0
1717497057	132.341	51.804	25.287	50.537	41.018	23.964	132.753	5	1	0	0
1717497058	133.238	51.808	25.291	50.547	41.027	23.968	132.785	5	1	0	0
1717497059	131.155	51.811	25.294	50.487	41.036	23.971	132.759	5	1	0	0
1717497060	132.348	51.815	25.298	50.564	41.046	23.975	132.724	5	1	0	0
1717497061	133.023	51.818	25.301	50.475	41.055	23.978	132.771	5	1	0	0
1717497062	132.793	51.821	25.305	50.377	41.064	23.982	132.727	5	1	0	0
1717497063	132.967	51.825	25.308	50.294	41.074	23.985	132.746	5	1	0	0
1717497064	133.060	51.828	25.311	50.310	41.083	23.989	132.733	5	1	0	0
1717497065	132.786	51.831	25.315	50.212	41.092	23.992	132.701	5	1	0	0
1717497066	131.118	51.834	25.318	50.086	41.101	23.996	132.704	5	1	0	0
1717497067	131.670	51.838	25.322	50.068	41.111	23.999	132.738	5	1	0	0
1717497068	133.108	51.842	25.325	49.995	41.120	24.004	132.728	5	1	0	0
1717497069	132.256	51.845	25.328	49.906	41.129	24.009	132.711	5	1	0	0
1717497070	132.719	51.848	25.332	49.942	41.138	24.014	132.675	5	1	0	0
1717497071	133.090	51.851	25.335	49.989	41.147	24.019	132.661	5	1	0	0
1717497072	132.300	51.855	25.339	49.767	41.157	24.024	132.691	5	1	0	0
1717497073	131.796	51.858	25.342	49.812	41.166	24.029	132.699	5	1	0	0
1717497074	132.663	51.861	25.345	49.874	41.175	24.033	132.701	5	1	0	0
1717497075	131.474	51.864	25.349	49.691	41.184	24.038	132.679	5	1	0	0
1717497076	131.603	51.867	25.352	49.654	41.194	24.043	132.664	5	1	0	0
1717497077	133.742	51.871	25.356	49.590	41.203	24.048	132.679	5	1	0	0
1717497078	132.523	51.874	25.359	49.664	41.212	24.053	132.660	5	1	0	0
1717497079	133.030	51.877	25.362	49.493	41.221	24.058	132.664	5	1	0	0
1717497080	131.344	51.881	25.365	49.447	41.230	24.062	132.645	5	1	0	0
1717497081	132.185	51.885	25.368	49.431	41.240	24.067	132.629	5	1	0	0
1717497082	132.204	51.888	25.372	49.326	41.249	24.072	132.645	5	1	0	0
1717497083	131.841	51.891	25.375	49.239	41.258	24.077	132.656	5	1	0	0
1717497084	130.529	51.895	25.378	49.264	41.267	24.081	132.643	5	1	0	0
1717497085	132.096	51.898	25.381	49.240	41.276	24.086	132.608	5	1	0	0
1717497086	131.959	51.901	25.385	49.169	41.285	24.091	132.624	5	1	0	0
1717497087	131.162	51.905	25.388	49.154	41.293	24.095	132.624	5	1	0	0
1717497088	132.752	51.908	25.391	49.186	41.302	24.100	132.626	5	1	0	0
1717497089	131.533	51.911	25.394	49.062	41.312	24.105	132.613	5	1	0	0
1717497090	131.822	51.914	25.397	48.943	41.321	24.109	132.572	5	1	0	0
1717497091	130.707	51.918	25.400	48.977	41.330	24.114	132.615	5	1	0	0
1717497092	131.051	51.921	25.403	48.870	41.339	24.118	132.568	5	1	0	0
1717497093	130.562	51.924	25.407	48.788	41.348	24.123	132.582	5	1	0	0
1717497094	130.703	51.927	25.410	48.852	41.357	24.127	132.588	5	1	0	0
1717497095	132.111	51.931	25.413	48.788	41.366	24.132	132.579	5	1	0	0
1717497096	132.689	51.933	25.416	48.643	41.375	24.136	132.542	5	1	0	0
1717497097	131.481	51.936	25.419	48.694	41.384	24.141	132.570	5	1	0	0
1717497098	131.874	51.938	25.422	48.660	41.392	24.145	132.583	5	1	0	0
1717497099	132.467	51.942	25.425	48.559	41.401	24.149	132.557	5	1	0	0
1717497100	132.382	51.945	25.428	48.534	41.410	24.154	132.583	5	1	0	0
1717497101	132.133	51.948	25.431	48.485	41.418	24.158	132.535	5	1	0	0
1717497102	130.996	51.951	25.434	48.415	41.427	24.163	132.544	5	1	0	0
1717497103	130.829	51.954	25.437	48.385	41.436	24.167	132.588	5	1	0	0
1717497104	131.837	51.957	25.440	48.359	41.445	24.172	132.531	5	1	0	0
1717497105	133.419	51.960	25.443	48.380	41.454	24.176	132.558	5	1	0	0
1717497106	130.862	51.963	25.446	48.262	41.463	24.180	132.535	5	1	0	0
1717497107	130.065	51.965	25.449	48.177	41.471	24.185	132.550	5	1	0	0
1717497108	131.581	51.968	25.452	48.181	41.479	24.189	132.513	5	1	0	0
1717497109	131.474	51.970	25.455	48.022	41.488	24.193	132.531	5	1	0	0
1717497110	131.540	51.973	25.457	48.013	41.496	24.197	132.527	5	1	0	0
1717497111	131.036	51.975	25.460	48.025	41.506	24.202	132.484	5	1	0	0
1717497112	131.322	51.978	25.463	47.851	41.514	24.206	132.468	5	1	0	0
1717497113	132.041	51.980	25.466	47.868	41.523	24.210	132.501	5	1	0	0
1717497114	131.985	51.983	25.468	47.880	41.531	24.214	132.485	5	1	0	0
1717497115	131.237	51.985	25.471	47.840	41.539	24.218	132.470	5	1	0	0
1717497116	132.589	51.987	25.475	47.757	41.548	24.223	132.490	5	1	0	0
1717497117	133.505	51.990	25.477	47.763	41.557	24.227	132.486	5	1	0	0
1717497118	130.469	51.993	25.480	47.715	41.565	24.231	132.495	5	1	0	0
1717497119	131.852	51.996	25.483	47.606	41.574	24.235	132.469	5	1	0	0
1717497120	132.267	51.999	25.485	47.555	41.582	24.239	132.433	5	1	0	0
1717497121	131.511	52.001	25.488	47.562	41.591	24.243	132.443	5	1	0	0
1717497122	132.823	52.004	25.491	47.506	41.599	24.248	132.446	5	1	0	0
1717497123	131.611	52.007	25.494	47.409	41.608	24.252	132.431	5	1	0	0
1717497124	130.051	52.009	25.497	47.453	41.617	24.256	132.450	5	1	0	0
1717497125	131.715	52.011	25.499	47.479	41.625	24.260	132.423	5	1	0	0
1717497126	129.865	52.014	25.502	47.300	41.633	24.264	132.426	5	1	0	0
1717497127	131.522	52.016	25.505	47.284	41.642	24.268	132.420	5	1	0	0
1717497128	132.215	52.018	25.507	47.252	41.650	24.272	132.400	5	1	0	0
1717497129	130.518	52.021	25.510	47.172	41.658	24.276	132.437	5	1	0	0
1717497130	132.530	52.023	25.512	47.211	41.667	24.280	132.438	5	1	0	0
1717497131	131.996	52.026	25.515	47.115	41.675	24.284	132.403	5	1	0	0
1717497132	131.633	52.028	25.517	47.154	41.684	24.288	132.392	5	1	0	0
1717497133	131.767	52.031	25.520	47.074	41.691	24.291	132.397	5	1	0	0
1717497134	129.647	52.033	25.523	46.976	41.700	24.295	132.375	5	1	0	0
1717497135	131.233	52.036	25.525	46.937	41.708	24.299	132.378	5	1	0	0
1717497136	133.041	52.039	25.528	46.926	41.716	24.303	132.377	5	1	0	0
1717497137	130.892	52.041	25.530	46.926	41.724	24.307	132.375	5	1	0	0
1717497138	131.755	52.044	25.533	46.854	41.732	24.310	132.375	5	1	0	0
1717497139	131.678	52.046	25.536	46.772	41.740	24.314	132.386	5	1	0	0
1717497140	132.185	52.048	25.538	46.754	41.749	24.318	132.348	5	1	0	0
1717497141	132.426	52.051	25.541	46.629	41.757	24.322	132.395	5	1	0	0
1717497142	134.042	52.053	25.543	46.673	41.765	24.326	132.342	5	1	0	0
1717497143	132.967	52.056	25.545	46.494	41.773	24.329	132.338	5	1	0	0
1717497144	133.812	52.058	25.547	46.526	41.781	24.333	132.332	5	1	0	0
1717497145	132.893	52.061	25.550	46.532	41.789	24.337	132.363	5	1	0	0
1717497146	132.552	52.063	25.552	46.465	41.797	24.341	132.347	5	1	0	0
1717497147	131.429	52.065	25.555	46.384	41.805	24.344	132.361	5	1	0	0
1717497148	132.415	52.067	25.557	46.435	41.813	24.348	132.301	5	1	0	0
1717497149	132.437	52.069	25.560	46.409	41.822	24.352	132.309	5	1	0	0
1717497150	132.652	52.071	25.562	46.307	41.830	24.356	132.311	5	1	0	0
1717497151	131.648	52.074	25.564	46.251	41.838	24.359	132.325	5	1	0	0
1717497152	132.007	52.077	25.567	46.214	41.846	24.363	132.292	5	1	0	0
1717497153	132.485	52.079	25.569	46.180	41.855	24.366	132.309	5	1	0	0
1717497154	131.500	52.082	25.571	46.165	41.862	24.370	132.280	5	1	0	0
1717497155	131.400	52.084	25.573	46.000	41.870	24.373	132.320	5	1	0	0
1717497156	132.170	52.086	25.576	45.941	41.878	24.377	132.312	5	1	0	0
1717497157	131.388	52.088	25.578	46.034	41.886	24.381	132.269	5	1	0	0
1717497158	131.700	52.090	25.580	46.041	41.893	24.385	132.292	5	1	0	0
1717497159	130.647	52.091	25.582	45.950	41.902	24.388	132.290	5	1	0	0
1717497160	131.073	52.093	25.585	45.783	41.910	24.392	132.273	5	1	0	0
1717497161	131.214	52.096	25.587	45.793	41.918	24.395	132.275	5	1	0	0
1717497162	130.684	52.097	25.589	45.722	41.926	24.399	132.228	5	1	0	0
1717497163	131.248	52.100	25.591	45.676	41.933	24.402	132.249	5	1	0	0
1717497164	131.370	52.102	25.594	45.645	41.941	24.406	132.242	5	1	0	0
1717497165	131.073	52.105	25.596	45.699	41.948	24.409	132.228	5	1	0	0
1717497166	133.071	52.108	25.598	45.508	41.957	24.413	132.229	5	1	0	0
1717497167	132.730	52.110	25.601	45.588	41.965	24.416	132.222	5	1	0	0
1717497168	132.174	52.113	25.603	45.489	41.973	24.420	132.212	5	1	0	0
1717497169	132.630	52.116	25.605	45.503	41.980	24.423	132.213	5	1	0	0
1717497170	131.515	52.119	25.607	45.466	41.988	24.427	132.229	5	1	0	0
1717497171	130.803	52.122	25.609	45.432	41.996	24.430	132.210	5	1	0	0
1717497172	131.644	52.124	25.611	45.364	42.004	24.433	132.171	5	1	0	0
1717497173	130.844	52.127	25.614	45.301	42.011	24.437	132.201	5	1	0	0
1717497174	130.662	52.129	25.616	45.233	42.020	24.440	132.211	5	1	0	0
1717497175	131.881	52.132	25.618	45.263	42.028	24.443	132.196	5	1	0	0
1717497176	130.981	52.135	25.620	45.184	42.035	24.447	132.172	5	1	0	0
1717497177	130.532	52.138	25.622	45.085	42.042	24.450	132.206	5	1	0	0
1717497178	130.292	52.140	25.624	45.063	42.051	24.453	132.163	5	1	0	0
1717497179	131.266	52.142	25.626	45.066	42.058	24.457	132.190	5	1	0	0
1717497180	131.366	52.144	25.628	45.037	42.066	24.460	132.178	5	1	0	0
1717497181	129.839	52.147	25.631	44.938	42.073	24.463	132.168	5	1	0	0
1717497182	130.032	52.149	25.632	44.943	42.081	24.466	132.197	5	1	0	0
1717497183	130.203	52.151	25.634	44.916	42.089	24.470	132.151	5	1	0	0
1717497184	129.806	52.154	25.636	44.899	42.096	24.473	132.157	5	1	0	0
1717497185	131.196	52.156	25.638	44.814	42.104	24.476	132.135	5	1	0	0
1717497186	132.137	52.159	25.640	44.824	42.112	24.480	132.163	5	1	0	0
1717497187	130.577	52.161	25.642	44.777	42.119	24.483	132.123	5	1	0	0
1717497188	130.610	52.163	25.644	44.715	42.127	24.486	132.117	5	1	0	0
1717497189	131.629	52.165	25.646	44.659	42.134	24.489	132.139	5	1	0	0
1717497190	131.059	52.167	25.648	44.587	42.142	24.493	132.099	5	1	0	0
1717497191	130.821	52.169	25.650	44.592	42.149	24.496	132.081	5	1	0	0
1717497192	131.255	52.170	25.651	44.592	42.157	24.499	132.116	5	1	0	0
1717497193	130.243	52.172	25.654	44.479	42.164	24.502	132.094	5	1	0	0
1717497194	130.581	52.174	25.655	44.455	42.172	24.505	132.093	5	1	0	0
1717497195	130.388	52.176	25.657	44.446	42.179	24.508	132.116	5	1	0	0
1717497196	131.418	52.178	25.659	44.346	42.186	24.511	132.101	5	1	0	0
1717497197	131.081	52.180	25.661	44.289	42.194	24.514	132.120	5	1	0	0
1717497198	131.111	52.182	25.663	44.263	42.201	24.517	132.063	5	1	0	0
1717497199	131.370	52.185	25.665	44.264	42.209	24.520	132.056	5	1	0	0
1717497200	131.388	52.187	25.667	44.164	42.216	24.523	132.062	5	1	0	0
1717497201	130.910	52.189	25.669	44.139	42.223	24.526	132.044	5	1	0	0
1717497202	130.592	52.191	25.670	44.124	42.230	24.529	132.052	5	1	0	0
1717497203	131.696	52.193	25.672	44.077	42.238	24.532	132.085	5	1	0	0
1717497204	129.713	52.195	25.674	44.099	42.245	24.535	132.069	5	1	0	0
1717497205	132.004	52.197	25.676	44.076	42.253	24.538	132.007	5	1	0	0
1717497206	131.752	52.200	25.678	43.964	42.260	24.541	132.023	5	1	0	0
1717497207	130.844	52.202	25.679	43.894	42.268	24.544	132.020	5	1	0	0
1717497208	130.925	52.204	25.681	43.882	42.275	24.546	132.019	5	1	0	0
1717497209	130.481	52.206	25.683	43.889	42.283	24.549	131.992	5	1	0	0
1717497210	130.925	52.209	25.684	43.846	42.290	24.552	132.018	5	1	0	0
1717497211	129.469	52.211	25.686	43.813	42.297	24.556	132.031	5	1	0	0
1717497212	130.629	52.213	25.688	43.837	42.305	24.558	131.984	5	1	0	0
1717497213	131.896	52.216	25.690	43.700	42.312	24.562	131.994	5	1	0	0
1717497214	129.788	52.218	25.691	43.660	42.319	24.565	132.001	5	1	0	0
1717497215	130.021	52.220	25.693	43.697	42.326	24.567	131.974	5	1	0	0
1717497216	132.645	52.222	25.695	43.566	42.333	24.570	131.990	5	1	0	0
1717497217	130.792	52.224	25.696	43.591	42.340	24.573	131.959	5	1	0	0
1717497218	130.447	52.226	25.698	43.556	42.348	24.576	131.941	5	1	0	0
1717497219	130.977	52.229	25.700	43.524	42.355	24.579	131.978	5	1	0	0
1717497220	131.010	52.230	25.701	43.402	42.363	24.581	131.957	5	1	0	0
1717497221	129.369	52.232	25.703	43.422	42.370	24.584	131.973	5	1	0	0
1717497222	130.355	52.234	25.704	43.378	42.377	24.587	131.964	5	1	0	0
1717497223	131.255	52.236	25.706	43.300	42.385	24.590	131.946	5	1	0	0
1717497224	130.032	52.237	25.708	43.280	42.392	24.593	131.947	5	1	0	0
1717497225	131.055	52.240	25.710	43.314	42.399	24.595	131.944	5	1	0	0
1717497226	132.545	52.242	25.711	43.244	42.406	24.598	131.963	5	1	0	0
1717497227	132.426	52.244	25.713	43.223	42.414	24.601	131.929	5	1	0	0
1717497228	129.754	52.246	25.715	43.252	42.421	24.604	131.918	5	1	0	0
1717497229	130.380	52.248	25.716	43.221	42.429	24.607	131.923	5	1	0	0
1717497230	130.366	52.251	25.718	43.109	42.436	24.609	131.903	5	1	0	0
1717497231	131.403	52.253	25.719	43.059	42.443	24.612	131.930	5	1	0	0
1717497232	132.437	52.255	25.721	43.053	42.450	24.615	131.889	5	1	0	0
1717497233	131.785	52.257	25.722	42.990	42.458	24.617	131.898	5	1	0	0
1717497234	130.740	52.258	25.724	42.899	42.465	24.620	131.883	5	1	0	0
1717497235	130.740	52.260	25.725	42.914	42.471	24.622	131.873	5	1	0	0
1717497236	130.673	52.261	25.726	42.809	42.478	24.625	131.904	5	1	0	0
1717497237	130.833	52.264	25.728	42.852	42.486	24.628	131.892	5	1	0	0
1717497238	129.521	52.266	25.730	42.817	42.493	24.631	131.838	5	1	0	0
1717497239	130.062	52.267	25.731	42.807	42.500	24.633	131.846	5	1	0	0
1717497240	130.529	52.269	25.732	42.749	42.507	24.636	131.852	5	1	0	0
1717497241	130.670	52.272	25.734	42.688	42.514	24.639	131.819	5	1	0	0
1717497242	132.048	52.273	25.735	42.719	42.521	24.641	131.841	5	1	0	0
1717497243	131.748	52.275	25.737	42.630	42.528	24.644	131.844	5	1	0	0
1717497244	130.440	52.276	25.738	42.639	42.535	24.646	131.827	5	1	0	0
1717497245	130.525	52.279	25.740	42.609	42.542	24.649	131.773	5	1	0	0
1717497246	131.704	52.280	25.741	42.584	42.550	24.651	131.797	5	1	0	0
1717497247	128.846	52.282	25.742	42.542	42.557	24.654	131.791	5	1	0	0
1717497248	130.306	52.284	25.744	42.515	42.564	24.656	131.840	5	1	0	0
1717497249	130.147	52.286	25.746	42.455	42.572	24.659	131.812	5	1	0	0
1717497250	129.610	52.287	25.747	42.431	42.578	24.661	131.798	5	1	0	0
1717497251	130.162	52.289	25.748	42.368	42.586	24.664	131.791	5	1	0	0
1717497252	129.995	52.291	25.750	42.342	42.593	24.666	131.797	5	1	0	0
1717497253	131.140	52.293	25.751	42.320	42.600	24.669	131.749	5	1	0	0
1717497254	129.521	52.294	25.752	42.229	42.607	24.672	131.775	5	1	0	0
1717497255	129.202	52.296	25.754	42.264	42.613	24.674	131.825	5	1	0	0
1717497256	130.695	52.297	25.755	42.228	42.620	24.677	131.770	5	1	0	0
1717497257	130.851	52.299	25.756	42.213	42.627	24.679	131.772	5	1	0	0
1717497258	130.169	52.300	25.757	42.158	42.634	24.681	131.762	5	1	0	0
1717497259	129.962	52.301	25.759	42.090	42.641	24.684	131.740	5	1	0	0
1717497260	131.188	52.302	25.760	42.058	42.647	24.686	131.734	5	1	0	0
1717497261	132.597	52.304	25.762	42.033	42.654	24.689	131.749	5	1	0	0
1717497262	132.082	52.306	25.763	42.074	42.661	24.691	131.716	5	1	0	0
1717497263	130.836	52.307	25.764	41.983	42.668	24.693	131.709	5	1	0	0
1717497264	131.262	52.308	25.765	41.991	42.675	24.696	131.721	5	1	0	0
1717497265	130.366	52.310	25.767	41.886	42.682	24.698	131.728	5	1	0	0
1717497266	131.989	52.312	25.768	41.912	42.689	24.700	131.706	5	1	0	0
1717497267	131.222	52.314	25.769	41.891	42.695	24.702	131.732	5	1	0	0
1717497268	130.373	52.315	25.770	41.786	42.702	24.705	131.703	5	1	0	0
1717497269	129.995	52.316	25.772	41.779	42.709	24.707	131.717	5	1	0	0
1717497270	131.529	52.318	25.773	41.746	42.716	24.709	131.722	5	1	0	0
1717497271	131.029	52.319	25.774	41.686	42.722	24.712	131.701	5	1	0	0
1717497272	130.047	52.321	25.776	41.661	42.729	24.714	131.690	5	1	0	0
1717497273	132.378	52.322	25.776	41.650	42.736	24.717	131.696	5	1	0	0
1717497274	129.769	52.323	25.777	41.614	42.743	24.719	131.688	5	1	0	0
1717497275	129.487	52.325	25.779	41.622	42.750	24.721	131.689	5	1	0	0
1717497276	130.258	52.326	25.780	41.591	42.756	24.723	131.668	5	1	0	0
1717497277	130.514	52.328	25.781	41.563	42.763	24.726	131.673	5	1	0	0
1717497278	129.758	52.330	25.782	41.489	42.769	24.728	131.663	5	1	0	0
1717497279	131.033	52.331	25.784	41.523	42.776	24.730	131.678	5	1	0	0
1717497280	132.663	52.333	25.785	41.484	42.782	24.732	131.668	5	1	0	0
1717497281	131.303	52.334	25.786	41.428	42.789	24.735	131.655	5	1	0	0
1717497282	131.014	52.336	25.787	41.472	42.796	24.737	131.623	5	1	0	0
1717497283	130.844	52.338	25.788	41.369	42.803	24.739	131.644	5	1	0	0
1717497284	130.280	52.339	25.790	41.336	42.810	24.741	131.632	5	1	0	0
1717497285	130.418	52.342	25.790	41.280	42.817	24.743	131.618	5	1	0	0
1717497286	131.162	52.343	25.792	41.288	42.824	24.745	131.603	5	1	0	0
1717497287	131.033	52.345	25.793	41.273	42.830	24.748	131.621	5	1	0	0
1717497288	128.991	52.348	25.794	41.233	42.837	24.750	131.634	5	1	0	0
1717497289	131.088	52.350	25.795	41.191	42.844	24.752	131.596	5	1	0	0
1717497290	129.969	52.352	25.796	41.128	42.851	24.755	131.584	5	1	0	0
1717497291	129.836	52.354	25.797	41.047	42.858	24.757	131.609	5	1	0	0
1717497292	129.917	52.356	25.798	41.068	42.865	24.759	131.583	5	1	0	0
1717497293	131.044	52.358	25.799	41.049	42.871	24.761	131.556	5	1	0	0
1717497294	130.099	52.361	25.800	41.014	42.878	24.763	131.580	5	1	0	0
1717497295	130.014	52.362	25.802	40.934	42.884	24.765	131.563	5	1	0	0
1717497296	130.103	52.364	25.802	40.975	42.891	24.767	131.569	5	1	0	0
1717497297	131.296	52.365	25.803	40.934	42.898	24.770	131.560	5	1	0	0
1717497298	130.310	52.367	25.804	40.884	42.904	24.772	131.562	5	1	0	0
1717497299	129.969	52.368	25.805	40.905	42.911	24.773	131.544	5	1	0	0
1717497300	130.747	52.369	25.806	40.880	42.917	24.776	131.531	5	1	0	0
1717497301	130.981	52.371	25.807	40.789	42.924	24.777	131.554	5	1	0	0
1717497302	129.002	52.372	25.808	40.828	42.931	24.780	131.518	5	1	0	0
1717497303	130.166	52.373	25.809	40.776	42.937	24.782	131.490	5	1	0	0
1717497304	130.747	52.375	25.810	40.725	42.944	24.784	131.511	5	1	0	0
1717497305	129.013	52.377	25.811	40.653	42.950	24.786	131.485	5	1	0	0
1717497306	130.373	52.379	25.812	40.684	42.957	24.788	131.526	5	1	0	0
1717497307	129.869	52.380	25.813	40.617	42.963	24.790	131.472	5	1	0	0
1717497308	129.365	52.382	25.814	40.568	42.969	24.792	131.509	5	1	0	0
1717497309	129.235	52.384	25.815	40.593	42.975	24.794	131.498	5	1	0	0
1717497310	130.036	52.385	25.816	40.546	42.982	24.796	131.484	5	1	0	0
1717497311	130.473	52.387	25.817	40.486	42.988	24.798	131.521	5	1	0	0
1717497312	130.692	52.389	25.818	40.512	42.995	24.800	131.474	5	1	0	0
1717497313	131.111	52.390	25.819	40.488	43.002	24.802	131.470	5	1	0	0
1717497314	130.644	52.391	25.820	40.448	43.009	24.803	131.493	5	1	0	0
1717497315	130.514	52.392	25.820	40.463	43.015	24.806	131.451	5	1	0	0
1717497316	130.836	52.393	25.821	40.422	43.022	24.807	131.459	5	1	0	0
1717497317	130.366	52.394	25.822	40.403	43.028	24.809	131.444	5	1	0	0
1717497318	129.795	52.395	25.823	40.344	43.034	24.811	131.457	5	1	0	0
1717497319	128.898	52.396	25.823	40.324	43.041	24.813	131.421	5	1	0	0
1717497320	130.088	52.398	25.824	40.301	43.047	24.815	131.456	5	1	0	0
1717497321	130.095	52.398	25.825	40.236	43.054	24.816	131.393	5	1	0	0
1717497322	129.654	52.400	25.826	40.243	43.060	24.818	131.424	5	1	0	0
1717497323	130.225	52.401	25.826	40.207	43.066	24.820	131.361	5	1	0	0
1717497324	130.021	52.402	25.828	40.198	43.072	24.822	131.414	5	1	0	0
1717497325	128.902	52.403	25.828	40.183	43.078	24.824	131.431	5	1	0	0
1717497326	127.779	52.404	25.829	40.113	43.085	24.826	131.440	5	1	0	0
1717497327	129.839	52.406	25.829	40.137	43.091	24.827	131.388	5	1	0	0
1717497328	129.687	52.407	25.830	40.078	43.097	24.829	131.383	5	1	0	0
1717497329	130.047	52.408	25.831	40.051	43.103	24.831	131.376	5	1	0	0
1717497330	130.751	52.410	25.832	40.025	43.110	24.833	131.387	5	1	0	0
1717497331	130.618	52.411	25.833	39.977	43.116	24.835	131.376	5	1	0	0
1717497332	129.069	52.413	25.834	39.972	43.123	24.837	131.374	5	1	0	0
1717497333	131.918	52.415	25.835	39.913	43.129	24.838	131.346	5	1	0	0
1717497334	130.910	52.417	25.835	39.895	43.135	24.840	131.369	5	1	0	0
1717497335	130.862	52.419	25.837	39.876	43.142	24.842	131.370	5	1	0	0
1717497336	129.732	52.420	25.837	39.909	43.148	24.843	131.343	5	1	0	0
1717497337	130.547	52.422	25.837	39.865	43.155	24.845	131.360	5	1	0	0
1717497338	129.547	52.424	25.838	39.838	43.161	24.847	131.326	5	1	0	0
1717497339	129.202	52.425	25.839	39.804	43.168	24.849	131.358	5	1	0	0
1717497340	131.155	52.426	25.840	39.793	43.174	24.851	131.357	5	1	0	0
1717497341	130.421	52.427	25.841	39.706	43.181	24.852	131.329	5	1	0	0
1717497342	129.350	52.428	25.841	39.703	43.187	24.854	131.322	5	1	0	0
1717497343	128.235	52.430	25.842	39.709	43.193	24.856	131.320	5	1	0	0
1717497344	129.658	52.431	25.843	39.693	43.200	24.858	131.304	5	1	0	0
1717497345	129.180	52.433	25.843	39.648	43.206	24.859	131.320	5	1	0	0
1717497346	129.172	52.434	25.844	39.643	43.212	24.861	131.270	5	1	0	0
1717497347	128.642	52.435	25.845	39.630	43.219	24.863	131.285	5	1	0	0
1717497348	130.662	52.437	25.846	39.564	43.225	24.865	131.258	5	1	0	0
1717497349	128.754	52.437	25.847	39.616	43.231	24.866	131.284	5	1	0	0
1717497350	130.184	52.439	25.848	39.547	43.238	24.868	131.318	5	1	0	0
1717497351	132.063	52.440	25.848	39.589	43.244	24.870	131.245	5	1	0	0
1717497352	128.905	52.441	25.849	39.469	43.251	24.871	131.283	5	1	0	0
1717497353	130.002	52.442	25.850	39.500	43.258	24.873	131.278	5	1	0	0
1717497354	129.028	52.444	25.851	39.435	43.264	24.874	131.246	5	1	0	0
1717497355	129.662	52.445	25.852	39.425	43.270	24.876	131.239	5	1	0	0
1717497356	130.525	52.446	25.852	39.390	43.277	24.878	131.239	5	1	0	0
1717497357	130.414	52.447	25.853	39.363	43.282	24.879	131.227	5	1	0	0
1717497358	129.939	52.449	25.853	39.313	43.289	24.881	131.229	5	1	0	0
1717497359	129.621	52.450	25.854	39.282	43.295	24.883	131.228	5	1	0	0
1717497360	129.535	52.451	25.854	39.294	43.302	24.884	131.242	5	1	0	0
1717497361	128.902	52.452	25.855	39.274	43.308	24.886	131.192	5	1	0	0
1717497362	128.320	52.454	25.855	39.237	43.314	24.888	131.170	5	1	0	0
1717497363	129.076	52.455	25.855	39.258	43.320	24.889	131.151	5	1	0	0
1717497364	128.928	52.456	25.856	39.174	43.326	24.891	131.205	5	1	0	0
1717497365	130.581	52.457	25.857	39.160	43.332	24.892	131.214	5	1	0	0
1717497366	128.146	52.459	25.857	39.138	43.339	24.894	131.198	5	1	0	0
1717497367	129.361	52.460	25.857	39.123	43.344	24.895	131.172	5	1	0	0
1717497368	130.581	52.462	25.858	39.066	43.350	24.897	131.147	5	1	0	0
1717497369	128.987	52.462	25.859	39.035	43.356	24.899	131.179	5	1	0	0
1717497370	129.962	52.464	25.860	39.027	43.362	24.900	131.163	5	1	0	0
1717497371	130.758	52.465	25.860	39.030	43.368	24.902	131.134	5	1	0	0
1717497372	129.535	52.467	25.861	39.004	43.375	24.903	131.169	5	1	0	0
1717497373	129.220	52.468	25.862	38.949	43.381	24.905	131.139	5	1	0	0
1717497374	130.640	52.469	25.862	38.982	43.387	24.906	131.167	5	1	0	0
1717497375	130.377	52.470	25.863	38.903	43.394	24.908	131.104	5	1	0	0
1717497376	129.876	52.471	25.864	38.913	43.400	24.910	131.123	5	1	0	0
1717497377	130.047	52.472	25.864	38.891	43.407	24.911	131.133	5	1	0	0
1717497378	130.088	52.473	25.865	38.873	43.413	24.912	131.127	5	1	0	0
1717497379	129.702	52.474	25.865	38.827	43.419	24.913	131.115	5	1	0	0
1717497380	130.573	52.475	25.866	38.799	43.425	24.915	131.140	5	1	0	0
1717497381	130.017	52.476	25.867	38.801	43.431	24.916	131.108	5	1	0	0
1717497382	128.613	52.477	25.867	38.728	43.437	24.918	131.108	5	1	0	0
1717497383	128.590	52.478	25.868	38.742	43.443	24.919	131.113	5	1	0	0
1717497384	128.179	52.479	25.868	38.720	43.448	24.921	131.051	5	1	0	0
1717497385	127.634	52.481	25.868	38.711	43.454	24.922	131.074	5	1	0	0
1717497386	128.335	52.482	25.868	38.708	43.461	24.924	131.101	5	1	0	0
1717497387	129.243	52.484	25.869	38.722	43.466	24.925	131.047	5	1	0	0
1717497388	129.650	52.485	25.869	38.633	43.472	24.927	131.084	5	1	0	0
1717497389	129.450	52.486	25.870	38.599	43.478	24.928	131.044	5	1	0	0
1717497390	129.658	52.488	25.871	38.597	43.484	24.930	131.076	5	1	0	0
1717497391	129.324	52.489	25.871	38.583	43.490	24.931	131.058	5	1	0	0
1717497392	128.568	52.490	25.872	38.573	43.496	24.932	131.027	5	1	0	0
1717497393	130.366	52.492	25.872	38.587	43.502	24.934	131.036	5	1	0	0
1717497394	128.765	52.493	25.873	38.537	43.509	24.935	131.059	5	1	0	0
1717497395	128.705	52.495	25.873	38.491	43.516	24.936	130.988	5	1	0	0
1717497396	129.495	52.496	25.874	38.493	43.522	24.938	131.011	5	1	0	0
1717497397	129.554	52.497	25.875	38.481	43.528	24.939	131.056	5	1	0	0
1717497398	130.803	52.498	25.875	38.446	43.533	24.940	131.020	5	1	0	0
1717497399	128.009	52.499	25.876	38.414	43.540	24.942	131.044	5	1	0	0
1717497400	130.399	52.500	25.876	38.432	43.545	24.943	130.955	5	1	0	0
1717497401	128.568	52.501	25.877	38.382	43.551	24.945	130.963	5	1	0	0
1717497402	128.279	52.502	25.877	38.358	43.558	24.946	130.967	5	1	0	0
1717497403	128.546	52.503	25.877	38.365	43.563	24.947	130.969	5	1	0	0
1717497404	129.788	52.503	25.878	38.353	43.569	24.948	130.975	5	1	0	0
1717497405	129.595	52.504	25.878	38.318	43.575	24.950	130.962	5	1	0	0
1717497406	129.354	52.505	25.878	38.311	43.580	24.951	130.980	5	1	0	0
1717497407	128.398	52.506	25.879	38.279	43.587	24.952	130.982	5	1	0	0
1717497408	130.184	52.507	25.879	38.230	43.593	24.954	130.959	5	1	0	0
1717497409	129.109	52.507	25.879	38.223	43.599	24.955	130.936	5	1	0	0
1717497410	129.769	52.508	25.879	38.223	43.605	24.956	130.941	5	1	0	0
1717497411	130.477	52.508	25.880	38.223	43.611	24.957	130.938	5	1	0	0
1717497412	129.595	52.510	25.880	38.118	43.617	24.959	130.936	5	1	0	0
1717497413	128.494	52.511	25.880	38.076	43.623	24.960	130.920	5	1	0	0
1717497414	130.770	52.511	25.881	38.165	43.629	24.961	130.942	5	1	0	0
1717497415	130.088	52.512	25.881	38.103	43.634	24.962	130.955	5	1	0	0
1717497416	129.969	52.513	25.881	38.093	43.640	24.964	130.939	5	1	0	0
1717497417	129.617	52.514	25.881	38.095	43.646	24.965	130.920	5	1	0	0
1717497418	130.343	52.516	25.882	38.039	43.652	24.966	130.893	5	1	0	0
1717497419	129.398	52.516	25.883	38.020	43.659	24.967	130.890	5	1	0	0
1717497420	128.464	52.518	25.883	38.014	43.664	24.968	130.894	5	1	0	0
1717497421	130.373	52.519	25.884	38.013	43.670	24.970	130.896	5	1	0	0
1717497422	129.006	52.521	25.884	37.996	43.676	24.971	130.882	5	1	0	0
1717497423	130.721	52.523	25.884	37.918	43.681	24.973	130.878	5	1	0	0
1717497424	129.621	52.524	25.885	37.922	43.687	24.974	130.847	5	1	0	0
1717497425	130.073	52.525	25.886	37.927	43.694	24.975	130.846	5	1	0	0
1717497426	130.784	52.527	25.886	37.920	43.699	24.976	130.862	5	1	0	0
1717497427	129.469	52.528	25.886	37.925	43.706	24.978	130.828	5	1	0	0
1717497428	129.469	52.530	25.887	37.894	43.711	24.979	130.832	5	1	0	0
1717497429	128.513	52.531	25.887	37.830	43.717	24.980	130.837	5	1	0	0
1717497430	128.605	52.533	25.888	37.818	43.723	24.981	130.834	5	1	0	0
1717497431	129.098	52.534	25.888	37.823	43.729	24.982	130.817	5	1	0	0
1717497432	128.828	52.536	25.889	37.781	43.734	24.983	130.797	5	1	0	0
1717497433	129.165	52.537	25.889	37.740	43.741	24.985	130.842	5	1	0	0
1717497434	128.283	52.539	25.889	37.770	43.747	24.986	130.788	5	1	0	0
1717497435	129.680	52.541	25.890	37.696	43.753	24.987	130.835	5	1	0	0
1717497436	129.428	52.542	25.890	37.732	43.758	24.988	130.819	5	1	0	0
1717497437	128.913	52.543	25.890	37.715	43.764	24.989	130.834	5	1	0	0
1717497438	129.050	52.544	25.890	37.721	43.770	24.990	130.806	5	1	0	0
1717497439	129.739	52.545	25.891	37.609	43.776	24.991	130.816	5	1	0	0
1717497440	128.809	52.546	25.891	37.687	43.782	24.992	130.783	5	1	0	0
1717497441	128.398	52.546	25.892	37.677	43.788	24.994	130.806	5	1	0	0
1717497442	127.423	52.547	25.892	37.658	43.794	24.994	130.745	5	1	0	0
1717497443	128.791	52.549	25.892	37.621	43.800	24.995	130.776	5	1	0	0
1717497444	129.276	52.550	25.893	37.603	43.806	24.997	130.764	5	1	0	0
1717497445	129.521	52.550	25.893	37.559	43.812	24.998	130.740	5	1	0	0
1717497446	128.891	52.551	25.893	37.578	43.818	24.999	130.754	5	1	0	0
1717497447	129.965	52.552	25.894	37.590	43.824	25.000	130.760	5	1	0	0
1717497448	131.981	52.553	25.894	37.536	43.830	25.002	130.722	5	1	0	0
1717497449	129.821	52.553	25.894	37.508	43.836	25.003	130.713	5	1	0	0
1717497450	128.464	52.555	25.895	37.479	43.842	25.005	130.745	5	1	0	0
1717497451	130.399	52.556	25.895	37.515	43.848	25.006	130.735	5	1	0	0
1717497452	130.751	52.556	25.895	37.440	43.854	25.008	130.691	5	1	0	0
1717497453	128.149	52.557	25.895	37.458	43.860	25.009	130.686	5	1	0	0
1717497454	114.912	52.558	25.895	37.526	43.866	25.010	130.729	0	1	0	0
1717497455	124.833	52.559	25.896	37.440	43.871	25.011	130.701	0	1	0	0
1717497456	128.776	52.559	25.896	37.399	43.877	25.013	130.701	0	1	0	0
1717497457	127.894	52.560	25.896	37.452	43.883	25.014	130.683	0	1	0	0
1717497458	127.883	52.560	25.896	37.421	43.889	25.016	130.676	0	1	0	0
1717497459	126.945	52.560	25.897	37.349	43.894	25.017	130.673	0	1	0	0
1717497460	128.131	52.559	25.897	37.368	43.899	25.019	130.685	0	1	0	0
1717497461	128.987	52.557	25.897	37.337	43.905	25.020	130.659	0	1	0	0
1717497462	128.828	52.552	25.898	37.319	43.911	25.021	130.670	0	1	0	0
1717497463	128.761	52.546	25.898	37.298	43.916	25.023	130.669	0	1	0	0
1717497464	127.620	52.537	25.898	37.294	43.922	25.024	130.629	0	1	0	0
1717497465	130.425	52.526	25.898	37.335	43.928	25.025	130.635	0	1	0	0
1717497466	128.687	52.512	25.899	37.256	43.934	25.026	130.615	0	1	0	0
1717497467	129.636	52.495	25.899	37.241	43.940	25.028	130.649	0	1	0	0
1717497468	129.921	52.476	25.899	37.293	43.945	25.029	130.601	0	1	0	0
1717497469	129.621	52.455	25.899	37.230	43.951	25.030	130.631	0	1	0	0
1717497470	129.862	52.430	25.899	37.199	43.956	25.032	130.649	0	1	0	0
1717497471	129.817	52.403	25.900	37.218	43.962	25.033	130.577	0	1	0	0
1717497472	129.665	52.375	25.900	37.115	43.968	25.034	130.591	0	1	0	0
1717497473	128.376	52.343	25.900	37.103	43.974	25.035	130.578	0	1	0	0
1717497474	128.935	52.309	25.900	37.121	43.979	25.036	130.611	0	1	0	0
1717497475	130.714	52.273	25.900	37.133	43.985	25.037	130.585	0	1	0	0
1717497476	128.887	52.235	25.900	37.062	43.990	25.038	130.570	0	1	0	0
1717497477	128.787	52.196	25.900	37.077	43.995	25.040	130.567	0	1	0	0
1717497478	128.672	52.155	25.900	37.132	44.001	25.041	130.568	0	1	0	0
1717497479	128.616	52.112	25.900	37.091	44.006	25.042	130.575	0	1	0	0
1717497480	129.024	52.067	25.900	37.090	44.011	25.043	130.531	0	1	0	0
1717497481	129.602	52.021	25.900	37.069	44.016	25.044	130.520	0	1	0	0
1717497482	130.084	51.972	25.900	37.053	44.022	25.046	130.547	0	1	0	0
1717497483	128.946	51.923	25.899	37.055	44.027	25.047	130.534	0	1	0	0
1717497484	128.783	51.873	25.900	37.009	44.032	25.048	130.549	0	1	0	0
1717497485	128.149	51.821	25.899	36.971	44.037	25.050	130.510	0	1	0	0
1717497486	127.942	51.768	25.899	36.969	44.042	25.051	130.500	0	1	0	0
1717497487	128.668	51.715	25.899	36.967	44.047	25.052	130.514	0	1	0	0
1717497488	127.890	51.660	25.899	36.968	44.053	25.053	130.514	0	1	0	0
1717497489	128.565	51.605	25.898	36.952	44.058	25.054	130.471	0	1	0	0
1717497490	128.665	51.550	25.898	36.947	44.063	25.055	130.525	0	1	0	0
1717497491	127.590	51.493	25.898	36.979	44.069	25.056	130.491	0	1	0	0
1717497492	128.539	51.436	25.897	36.883	44.074	25.057	130.450	0	1	0	0
1717497493	127.497	51.378	25.897	36.892	44.079	25.058	130.478	0	1	0	0
1717497494	128.968	51.320	25.897	36.885	44.085	25.059	130.467	0	1	0	0
1717497495	128.086	51.261	25.896	36.902	44.090	25.060	130.481	0	1	0	0
1717497496	127.138	51.201	25.896	36.866	44.095	25.061	130.447	0	1	0	0
1717497497	129.506	51.140	25.895	36.882	44.100	25.062	130.497	0	1	0	0
1717497498	130.829	51.079	25.895	36.852	44.105	25.063	130.474	0	1	0	0
1717497499	129.610	51.018	25.894	36.776	44.110	25.065	130.432	0	1	0	0
1717497500	128.665	50.956	25.893	36.775	44.115	25.065	130.452	0	1	0	0
1717497501	129.639	50.894	25.892	36.770	44.120	25.066	130.436	0	1	0	0
1717497502	128.642	50.831	25.892	36.806	44.126	25.067	130.476	0	1	0	0
1717497503	128.568	50.769	25.891	36.749	44.130	25.068	130.441	0	1	0	0
1717497504	128.064	50.705	25.890	36.730	44.135	25.069	130.402	0	1	0	0
1717497505	127.820	50.641	25.888	36.737	44.140	25.070	130.400	0	1	0	0
1717497506	128.917	50.578	25.887	36.719	44.145	25.071	130.405	0	1	0	0
1717497507	128.138	50.513	25.887	36.717	44.150	25.072	130.389	0	1	0	0
1717497508	127.894	50.449	25.886	36.747	44.155	25.073	130.457	0	1	0	0
1717497509	128.149	50.385	25.885	36.708	44.160	25.074	130.375	0	1	0	0
1717497510	127.267	50.320	25.884	36.679	44.165	25.075	130.361	0	1	0	0
1717497511	127.634	50.254	25.883	36.677	44.169	25.076	130.362	0	1	0	0
1717497512	128.809	50.189	25.882	36.651	44.174	25.077	130.372	0	1	0	0
1717497513	127.219	50.124	25.881	36.622	44.179	25.078	130.382	0	1	0	0
1717497514	126.749	50.059	25.880	36.676	44.184	25.079	130.357	0	1	0	0
1717497515	128.505	49.993	25.879	36.633	44.189	25.080	130.337	0	1	0	0
1717497516	128.724	49.926	25.877	36.584	44.194	25.081	130.338	0	1	0	0
1717497517	128.609	49.860	25.876	36.606	44.198	25.081	130.332	0	1	0	0
1717497518	128.705	49.792	25.875	36.642	44.203	25.082	130.372	0	1	0	0
1717497519	129.710	49.725	25.873	36.648	44.207	25.082	130.284	0	1	0	0
1717497520	127.727	49.657	25.872	36.536	44.212	25.084	130.341	0	1	0	0
1717497521	128.061	49.590	25.870	36.576	44.217	25.084	130.313	0	1	0	0
1717497522	128.731	49.523	25.869	36.539	44.221	25.085	130.308	0	1	0	0
1717497523	128.468	49.455	25.868	36.462	44.225	25.086	130.313	0	1	0	0
1717497524	128.676	49.387	25.866	36.525	44.230	25.087	130.271	0	1	0	0
1717497525	128.783	49.319	25.865	36.587	44.234	25.087	130.334	0	1	0	0
1717497526	128.631	49.250	25.863	36.528	44.239	25.088	130.267	0	1	0	0
1717497527	129.298	49.181	25.861	36.500	44.243	25.089	130.287	0	1	0	0
1717497528	128.353	49.112	25.860	36.519	44.248	25.089	130.318	0	1	0	0
1717497529	129.046	49.044	25.858	36.456	44.253	25.090	130.314	0	1	0	0
1717497530	130.607	48.975	25.856	36.468	44.257	25.090	130.286	0	1	0	0
1717497531	128.209	48.906	25.854	36.430	44.262	25.091	130.264	0	1	0	0
1717497532	126.901	48.836	25.852	36.457	44.267	25.092	130.290	0	1	0	0
1717497533	127.783	48.767	25.851	36.402	44.271	25.093	130.226	0	1	0	0
1717497534	128.101	48.698	25.849	36.386	44.275	25.093	130.252	0	1	0	0
1717497535	128.527	48.628	25.847	36.414	44.279	25.094	130.255	0	1	0	0
1717497536	129.884	48.559	25.845	36.343	44.283	25.094	130.234	0	1	0	0
1717497537	127.957	48.489	25.843	36.381	44.288	25.095	130.227	0	1	0	0
1717497538	129.017	48.420	25.841	36.364	44.292	25.096	130.235	0	1	0	0
1717497539	129.154	48.350	25.839	36.330	44.297	25.096	130.173	0	1	0	0
1717497540	128.353	48.281	25.837	36.269	44.301	25.097	130.215	0	1	0	0
1717497541	128.631	48.211	25.835	36.259	44.305	25.098	130.205	0	1	0	0
1717497542	129.806	48.141	25.832	36.259	44.310	25.098	130.207	0	1	0	0
1717497543	127.449	48.071	25.830	36.240	44.314	25.098	130.181	0	1	0	0
1717497544	127.049	48.000	25.828	36.249	44.317	25.099	130.171	0	1	0	0
1717497545	128.027	47.929	25.826	36.281	44.322	25.099	130.219	0	1	0	0
1717497546	127.468	47.857	25.823	36.239	44.325	25.100	130.187	0	1	0	0
