TIMESTAMP	HEAD He3	HEAD He4	PUMP He3	SWITCH He3	PUMP He4	SWITCH He4	OUT1 [PHe3]	OUT2 [PHe4]	OUT3 [SHe3]	OUT4 [SHe4]
1709725167	16.49	11.43	4.43	4.43	4.44	4.41	0	0	0	0
1709725168	16.50	11.43	4.43	4.43	4.44	4.41	0	0	0	0
1709725169	16.49	11.43	4.43	4.43	4.44	4.41	0	0	0	0
1709725170	16.53	11.43	4.43	4.43	4.44	4.41	0	0	0	0
1709725171	16.52	11.43	4.43	4.43	4.44	4.41	0	0	0	0
1709725172	16.52	11.43	4.43	4.43	4.44	4.41	0	0	0	0
1709725173	16.52	11.43	4.43	4.43	4.44	4.41	0	0	0	0
1709725174	16.55	11.43	4.43	4.43	4.44	4.41	0	0	0	0
1709725175	16.53	11.43	4.43	4.43	4.44	4.41	0	0	0	0
1709725176	16.50	11.43	4.43	4.43	4.44	4.41	0	0	0	0
1709725177	16.52	11.43	4.43	4.43	4.44	4.41	0	0	0	0
1709725178	16.52	11.43	4.43	4.43	4.44	4.41	0	0	0	0
1709725179	16.50	300.00	300.00	300.00	300.00	300.00	0	0	0	0
1709725180	16.51	11.43	4.43	4.43	4.44	4.41	5	0	0	0
1709725181	16.52	11.43	4.43	4.43	4.44	4.41	5	0	0	0
1709725182	16.52	11.43	4.43	4.43	4.44	4.41	5	0	0	0
1709725183	16.49	11.43	4.43	4.43	4.44	4.41	5	0	0	0
1709725184	16.49	11.43	4.43	4.43	4.44	4.41	5	0	0	0
1709725185	16.47	11.43	4.43	4.43	4.44	4.41	5	0	0	0
1709725186	16.51	11.43	4.43	4.43	4.44	4.41	5	0	0	0
1709725187	16.53	11.44	4.43	4.43	4.44	4.41	5	0	0	0
1709725188	16.54	11.43	4.43	4.43	4.44	4.41	5	0	0	0
1709725189	16.51	11.43	4.43	4.43	4.44	4.41	5	0	0	0
1709725190	16.50	11.43	4.43	4.43	4.44	4.41	5	0	0	0
1709725191	16.51	11.43	4.43	4.43	4.44	4.41	5	0	0	0
1709725192	16.49	300.00	300.00	300.00	300.00	300.00	0	0	0	0
1709725193	16.56	11.43	4.43	4.43	4.44	4.41	0	0	0	0
1709725194	16.54	11.43	4.43	4.43	4.44	4.41	0	0	0	0
1709725195	16.52	11.43	4.43	4.43	4.44	4.41	0	0	0	0
1709725196	16.50	11.43	4.43	4.43	4.44	4.41	0	0	0	0
1709725197	16.55	11.43	4.43	4.43	4.44	4.41	0	0	0	0
1709725198	16.55	11.43	4.43	4.43	4.44	4.41	0	0	0	0
1709725199	16.51	11.43	4.43	4.43	4.44	4.41	0	0	0	0
1709725200	16.53	11.43	4.43	4.43	4.44	4.41	0	0	0	0
1709725201	16.55	11.43	4.43	4.43	4.44	4.41	0	0	0	0
1709725202	16.50	11.43	4.43	4.43	4.44	4.41	0	0	0	0
1709725203	16.50	11.43	4.43	4.43	4.44	4.41	0	0	0	0
1709725204	16.53	300.00	300.00	300.00	300.00	300.00	0	0	0	0
1709725205	16.50	11.43	4.43	4.43	4.44	4.41	0	0	1	0
1709725206	16.50	11.43	4.43	4.43	4.44	4.41	0	0	1	0
1709725207	16.52	11.43	4.43	4.43	4.44	4.41	0	0	1	0
1709725208	16.51	300.00	300.00	300.00	300.00	300.00	0	0	0	0
1709725209	16.48	11.43	4.43	4.43	4.44	4.41	0	0	0	0
1709725210	16.50	11.43	4.43	4.43	4.44	4.41	0	0	0	0
1709725211	16.48	11.43	4.43	4.43	4.44	4.41	0	0	0	0
1709725212	16.47	11.43	4.43	4.43	4.44	4.41	0	0	0	0
1709725213	16.49	11.43	4.43	4.43	4.44	4.41	0	0	0	0
1709725214	16.52	11.43	4.43	4.43	4.44	4.41	0	0	0	0
1709725215	16.53	11.43	4.43	4.43	4.44	4.41	0	0	0	0
1709725216	16.49	11.43	4.43	4.43	4.44	4.41	0	0	0	0
1709725217	16.52	11.43	4.43	4.43	4.44	4.41	0	0	0	0
1709725218	16.53	11.43	4.43	4.43	4.44	4.41	0	0	0	0
1709725219	16.52	11.43	4.43	4.43	4.44	4.41	0	0	0	0
1709725220	16.51	11.42	4.43	4.43	4.44	4.41	0	0	0	0
1709725221	16.52	11.42	4.43	4.43	4.44	4.40	0	0	0	0
1709725222	16.51	11.42	4.43	4.43	4.44	4.40	0	0	0	0
1709725223	16.52	11.43	4.43	4.43	4.44	4.40	0	0	0	0
1709725224	16.53	11.43	4.43	4.43	4.44	4.40	0	0	0	0
1709725225	16.53	11.43	4.43	4.43	4.44	4.40	0	0	0	0
1709725226	16.52	11.43	4.43	4.43	4.44	4.40	0	0	0	0
1709725227	16.46	11.43	4.43	4.43	4.44	4.40	0	0	0	0
1709725228	16.50	11.43	4.43	4.43	4.44	4.40	0	0	0	0
1709725229	16.49	11.43	4.43	4.43	4.44	4.40	0	0	0	0
1709725230	16.47	11.43	4.43	4.43	4.44	4.40	0	0	0	0
1709725231	16.48	11.43	4.43	4.43	4.44	4.40	0	0	0	0
1709725232	16.54	11.43	4.43	4.43	4.44	4.40	0	0	0	0
1709725233	16.52	300.00	300.00	300.00	300.00	300.00	0	0	0	0
1709725234	16.50	11.43	4.43	4.43	4.44	4.40	0	0	1	0
1709725235	16.49	11.44	4.43	4.43	4.44	4.40	0	0	1	0
1709725236	16.51	11.43	4.43	4.43	4.44	4.41	0	0	1	0
1709725237	16.53	11.43	4.43	4.43	4.44	4.41	0	0	1	0
1709725238	16.56	11.43	4.43	4.43	4.44	4.40	0	0	1	0
1709725239	16.49	11.42	4.43	4.43	4.44	4.40	0	0	1	0
1709725240	16.52	11.43	4.43	4.43	4.44	4.40	0	0	1	0
1709725241	16.55	11.43	4.43	4.43	4.44	4.40	0	0	1	0
1709725242	16.52	11.43	4.43	4.43	4.44	4.40	0	0	1	0
1709725243	16.49	11.43	4.43	4.43	4.44	4.40	0	0	1	0
1709725244	16.51	11.43	4.43	4.43	4.44	4.40	0	0	1	0
1709725245	16.50	11.43	4.43	4.43	4.44	4.40	0	0	1	0
1709725246	16.47	11.43	4.43	4.43	4.44	4.40	0	0	1	0
1709725247	16.50	11.43	4.43	4.43	4.44	4.40	0	0	1	0
1709725248	16.54	11.43	4.43	4.43	4.44	4.40	0	0	1	0
1709725249	16.54	11.42	4.43	4.43	4.44	4.40	0	0	1	0
1709725250	16.49	11.43	4.43	4.43	4.44	4.40	0	0	1	0
1709725251	16.49	11.43	4.43	4.43	4.44	4.40	0	0	1	0
1709725252	16.46	11.43	4.43	4.43	4.44	4.40	0	0	1	0
1709725253	16.46	11.43	4.43	4.43	4.44	4.40	0	0	1	0
1709725254	16.51	11.43	4.43	4.43	4.44	4.40	0	0	1	0
1709725255	16.50	11.43	4.43	4.43	4.44	4.40	0	0	1	0
1709725256	16.50	11.43	4.43	4.43	4.44	4.40	0	0	1	0
1709725257	16.50	11.43	4.43	4.43	4.44	4.40	0	0	1	0
1709725258	16.52	300.00	300.00	300.00	300.00	300.00	0	0	0	0
1709725259	16.48	11.43	4.43	4.43	4.44	4.40	0	0	0	0
1709725260	16.48	11.43	4.43	4.43	4.44	4.40	0	0	0	0
1709725261	16.54	11.43	4.43	4.43	4.44	4.40	0	0	0	0
1709725262	16.55	11.43	4.43	4.43	4.44	4.40	0	0	0	0
1709725263	16.53	300.00	300.00	300.00	300.00	300.00	0	0	0	0
1709725264	16.52	11.43	4.43	4.43	4.44	4.40	0	0	0	1
1709725265	16.50	11.43	4.43	4.43	4.44	4.40	0	0	0	1
1709725266	16.52	11.43	4.43	4.43	4.44	4.40	0	0	0	1
1709725267	16.51	11.43	4.43	4.43	4.44	4.40	0	0	0	1
1709725268	16.54	11.44	4.43	4.43	4.44	4.40	0	0	0	1
1709725269	16.51	11.43	4.43	4.43	4.44	4.40	0	0	0	1
1709725270	16.50	11.43	4.43	4.43	4.44	4.40	0	0	0	1
1709725271	16.49	11.43	4.43	4.43	4.44	4.40	0	0	0	1
1709725272	16.55	11.43	4.43	4.43	4.44	4.40	0	0	0	1
1709725273	16.52	11.43	4.43	4.43	4.44	4.40	0	0	0	1
1709725274	16.52	11.43	4.43	4.43	4.44	4.40	0	0	0	1
1709725275	16.52	11.43	4.43	4.43	4.44	4.40	0	0	0	1
1709725276	16.57	11.43	4.43	4.43	4.44	4.40	0	0	0	1
1709725277	16.55	11.43	4.43	4.43	4.44	4.40	0	0	0	1
1709725278	16.57	11.43	4.43	4.43	4.44	4.40	0	0	0	1
1709725279	16.54	11.43	4.43	4.43	4.44	4.40	0	0	0	1
1709725280	16.49	11.42	4.43	4.43	4.44	4.40	0	0	0	1
1709725281	16.52	11.43	4.43	4.43	4.44	4.40	0	0	0	1
1709725282	16.54	11.43	4.43	4.43	4.44	4.40	0	0	0	1
1709725283	16.53	11.43	4.43	4.43	4.44	4.41	0	0	0	1
1709725284	16.52	11.43	4.43	4.43	4.44	4.41	0	0	0	1
1709725285	16.51	11.43	4.43	4.43	4.44	4.41	0	0	0	1
1709725286	16.54	11.43	4.43	4.43	4.44	4.41	0	0	0	1
1709725287	16.51	11.43	4.43	4.43	4.44	4.41	0	0	0	1
1709725288	16.51	11.43	4.43	4.43	4.44	4.41	0	0	0	1
1709725289	16.51	11.43	4.43	4.43	4.44	4.41	0	0	0	1
1709725290	16.47	11.43	4.43	4.43	4.44	4.41	0	0	0	1
1709725291	16.50	11.43	4.43	4.43	4.44	4.41	0	0	0	1
1709725292	16.51	300.00	300.00	300.00	300.00	300.00	0	0	0	0
1709725293	16.52	11.43	4.43	4.43	4.44	4.40	0	0	0	0
1709725294	16.52	11.43	4.43	4.43	4.44	4.40	0	0	0	0
1709725295	16.56	300.00	300.00	300.00	300.00	300.00	0	0	0	0
1709725296	16.49	11.43	4.43	4.43	4.44	4.40	0	0	1	0
1709725297	16.50	11.43	4.43	4.43	4.44	4.40	0	0	1	0
1709725298	16.50	11.44	4.43	4.43	4.44	4.40	0	0	1	0
1709725299	16.51	11.43	4.43	4.43	4.44	4.41	0	0	1	0
1709725300	16.51	11.43	4.43	4.43	4.44	4.41	0	0	1	0
1709725301	16.49	11.43	4.43	4.43	4.44	4.41	0	0	1	0
1709725302	16.49	11.43	4.43	4.43	4.44	4.41	0	0	1	0
1709725303	16.52	11.43	4.43	4.43	4.44	4.41	0	0	1	0
1709725304	16.49	300.00	300.00	300.00	300.00	300.00	0	0	0	0
1709725305	16.56	11.43	4.43	4.43	4.44	4.41	5	0	1	0
1709725306	16.55	11.43	4.43	4.43	4.44	4.41	5	0	1	0
1709725307	16.53	11.43	4.43	4.43	4.44	4.41	5	0	1	0
1709725308	16.55	11.44	4.43	4.43	4.44	4.41	5	0	1	0
1709725309	16.51	11.43	4.43	4.43	4.44	4.41	5	0	1	0
1709725310	16.50	11.43	4.43	4.43	4.44	4.41	5	0	1	0
1709725311	16.52	11.43	4.43	4.43	4.44	4.41	5	0	1	0
1709725312	16.54	11.43	4.43	4.43	4.44	4.41	5	0	1	0
1709725313	16.55	11.43	4.43	4.43	4.44	4.41	5	0	1	0
1709725314	16.57	11.43	4.43	4.43	4.44	4.41	5	0	1	0
1709725315	16.55	300.00	300.00	300.00	300.00	300.00	0	0	0	0
1709725316	16.54	11.43	4.43	4.43	4.44	4.41	0	0	1	0
1709725317	16.50	11.43	4.43	4.43	4.44	4.41	0	0	1	0
1709725318	16.49	11.44	4.43	4.43	4.44	4.41	0	0	1	0
1709725319	16.47	11.43	4.43	4.43	4.44	4.41	0	0	1	0
1709725320	16.48	11.43	4.43	4.43	4.44	4.41	0	0	1	0
1709725321	16.52	11.43	4.43	4.43	4.44	4.41	0	0	1	0
1709725322	16.55	11.43	4.43	4.43	4.44	4.41	0	0	1	0
1709725323	16.52	11.43	4.43	4.43	4.44	4.41	0	0	1	0
1709725324	16.51	11.43	4.43	4.43	4.44	4.41	0	0	1	0
1709725325	16.55	11.43	4.43	4.43	4.44	4.41	0	0	1	0
1709725326	16.53	11.43	4.43	4.43	4.44	4.41	0	0	1	0
1709725327	16.53	300.00	300.00	300.00	300.00	300.00	0	0	0	0
1709725328	16.54	11.43	4.43	4.43	4.44	4.41	0	0	1	1
1709725329	16.51	11.43	4.43	4.43	4.44	4.41	0	0	1	1
1709725330	16.46	11.43	4.43	4.43	4.44	4.41	0	0	1	1
1709725331	16.52	11.43	4.43	4.43	4.44	4.41	0	0	1	1
1709725332	16.54	11.43	4.43	4.43	4.44	4.41	0	0	1	1
1709725333	16.53	11.43	4.43	4.43	4.44	4.41	0	0	1	1
1709725334	16.52	11.43	4.43	4.43	4.44	4.41	0	0	1	1
1709725335	16.52	11.43	4.43	4.43	4.44	4.41	0	0	1	1
1709725336	16.52	11.43	4.43	4.43	4.44	4.41	0	0	1	1
1709725337	16.50	11.43	4.43	4.43	4.44	4.41	0	0	1	1
1709725338	16.55	11.43	4.43	4.43	4.44	4.41	0	0	1	1
1709725339	16.53	11.43	4.43	4.43	4.44	4.41	0	0	1	1
1709725340	16.55	11.43	4.43	4.43	4.44	4.41	0	0	1	1
1709725341	16.51	11.43	4.43	4.43	4.44	4.41	0	0	1	1
1709725342	16.49	11.44	4.43	4.43	4.44	4.41	0	0	1	1
1709725343	16.48	11.43	4.43	4.43	4.44	4.41	0	0	1	1
1709725344	16.50	11.43	4.43	4.43	4.44	4.41	0	0	1	1
1709725345	16.52	11.43	4.43	4.43	4.44	4.41	0	0	1	1
1709725346	16.50	11.43	4.43	4.43	4.44	4.41	0	0	1	1
1709725347	16.50	11.43	4.43	4.43	4.44	4.41	0	0	1	1
1709725348	16.51	11.43	4.43	4.43	4.44	4.41	0	0	1	1
1709725349	16.52	11.43	4.43	4.43	4.44	4.41	0	0	1	1
1709725350	16.49	11.43	4.43	4.43	4.44	4.41	0	0	1	1
1709725351	16.49	11.43	4.43	4.43	4.44	4.41	0	0	1	1
1709725352	16.56	11.44	4.43	4.43	4.44	4.41	0	0	1	1
1709725353	16.54	11.43	4.43	4.43	4.44	4.41	0	0	1	1
1709725354	16.53	11.43	4.43	4.43	4.44	4.41	0	0	1	1
1709725355	16.58	11.43	4.43	4.43	4.44	4.41	0	0	1	1
1709725356	16.53	11.43	4.43	4.43	4.44	4.41	0	0	1	1
1709725357	16.47	11.43	4.43	4.43	4.44	4.41	0	0	1	1
1709725358	16.52	11.43	4.43	4.43	4.44	4.41	0	0	1	1
1709725359	16.52	11.43	4.43	4.43	4.44	4.41	0	0	1	1
1709725360	16.48	11.43	4.43	4.43	4.44	4.41	0	0	1	1
1709725361	16.54	11.43	4.43	4.43	4.44	4.41	0	0	1	1
1709725362	16.55	11.44	4.43	4.43	4.44	4.41	0	0	1	1
1709725363	16.55	11.43	4.43	4.43	4.44	4.41	0	0	1	1
1709725364	16.53	11.43	4.43	4.43	4.44	4.41	0	0	1	1
1709725365	16.53	11.43	4.43	4.43	4.44	4.41	0	0	1	1
1709725366	16.51	11.43	4.43	4.43	4.44	4.41	0	0	1	1
1709725367	16.48	11.43	4.43	4.43	4.44	4.41	0	0	1	1
1709725368	16.50	11.43	4.43	4.43	4.44	4.41	0	0	1	1
1709725369	16.51	11.43	4.43	4.43	4.44	4.41	0	0	1	1
1709725370	16.52	11.43	4.43	4.43	4.44	4.41	0	0	1	1
1709725371	16.50	11.43	4.43	4.43	4.44	4.41	0	0	1	1
1709725372	16.53	11.43	4.43	4.43	4.44	4.41	0	0	1	1
1709725373	16.49	11.43	4.43	4.43	4.44	4.41	0	0	1	1
1709725374	16.51	11.43	4.43	4.43	4.44	4.41	0	0	1	1
1709725375	16.48	11.43	4.43	4.43	4.44	4.41	0	0	1	1
1709725376	16.53	11.43	4.43	4.43	4.44	4.41	0	0	1	1
1709725377	16.53	11.42	4.43	4.43	4.44	4.41	0	0	1	1
1709725378	16.49	11.43	4.43	4.43	4.44	4.41	0	0	1	1
1709725379	16.53	11.43	4.43	4.43	4.44	4.41	0	0	1	1
1709725380	16.49	11.43	4.43	4.43	4.44	4.41	0	0	1	1
1709725381	16.49	11.43	4.43	4.43	4.44	4.41	0	0	1	1
1709725382	16.49	11.43	4.43	4.43	4.44	4.41	0	0	1	1
1709725383	16.51	11.43	4.43	4.43	4.44	4.41	0	0	1	1
1709725384	16.55	11.43	4.43	4.43	4.44	4.41	0	0	1	1
1709725385	16.56	11.43	4.43	4.43	4.44	4.41	0	0	1	1
1709725386	16.56	11.43	4.43	4.43	4.44	4.41	0	0	1	1
1709725387	16.50	11.43	4.43	4.43	4.44	4.41	0	0	1	1
1709725388	16.52	11.43	4.43	4.43	4.44	4.41	0	0	1	1
1709725389	16.51	11.43	4.43	4.43	4.44	4.41	0	0	1	1
1709725390	16.52	11.43	4.43	4.43	4.44	4.41	0	0	1	1
1709725391	16.52	11.43	4.43	4.43	4.44	4.41	0	0	1	1
1709725392	16.54	11.43	4.43	4.43	4.44	4.41	0	0	1	1
1709725393	16.51	11.43	4.43	4.43	4.44	4.41	0	0	1	1
1709725394	16.50	11.43	4.43	4.43	4.44	4.41	0	0	1	1
1709725395	16.50	11.43	4.43	4.43	4.44	4.41	0	0	1	1
1709725396	16.52	11.43	4.43	4.43	4.44	4.41	0	0	1	1
1709725397	16.49	300.00	300.00	300.00	300.00	300.00	0	0	0	0
1709725398	16.47	11.43	4.43	4.43	4.44	4.41	0	0	0	1
1709725399	16.52	11.43	4.43	4.43	4.44	4.41	0	0	0	1
1709725400	16.52	11.43	4.43	4.43	4.44	4.41	0	0	0	1
1709725401	16.50	11.43	4.43	4.43	4.44	4.41	0	0	0	1
1709725402	16.56	300.00	300.00	300.00	300.00	300.00	0	0	0	0
1709725403	16.49	11.43	4.43	4.43	4.44	4.41	0	0	0	0
1709725404	16.50	11.43	4.43	4.43	4.44	4.41	0	0	0	0
1709725405	16.53	11.43	4.43	4.43	4.44	4.41	0	0	0	0
1709725406	16.55	11.42	4.43	4.43	4.44	4.41	0	0	0	0
1709725407	16.51	300.00	300.00	300.00	300.00	300.00	0	0	0	0
1709725408	16.47	11.43	4.43	4.43	4.44	4.41	5	0	0	0
1709725409	16.48	11.43	4.43	4.43	4.44	4.41	5	0	0	0
1709725410	16.50	11.43	4.43	4.43	4.44	4.41	5	0	0	0
1709725411	16.51	300.00	300.00	300.00	300.00	300.00	0	0	0	0
1709725412	16.49	11.43	4.43	4.43	4.44	4.41	0	0	0	0
1709725413	16.48	11.43	4.43	4.43	4.44	4.41	0	0	0	0
1709725414	16.52	11.43	4.43	4.43	4.44	4.41	0	0	0	0
1709725415	16.51	11.43	4.43	4.43	4.44	4.41	0	0	0	0
1709725416	16.54	11.43	4.43	4.43	4.44	4.41	0	0	0	0
1709725417	16.51	11.43	4.43	4.43	4.44	4.41	0	0	0	0
1709725418	16.55	11.43	4.43	4.43	4.44	4.41	0	0	0	0
1709725419	16.54	11.43	4.43	4.43	4.44	4.41	0	0	0	0
1709725420	16.50	11.43	4.43	4.43	4.44	4.41	0	0	0	0
1709725421	16.52	11.43	4.43	4.43	4.44	4.41	0	0	0	0
1709725422	16.52	11.43	4.43	4.43	4.44	4.41	0	0	0	0
1709725423	16.52	11.43	4.43	4.43	4.44	4.41	0	0	0	0
1709725424	16.50	11.43	4.43	4.43	4.44	4.41	0	0	0	0
1709725425	16.53	11.43	4.43	4.43	4.44	4.41	0	0	0	0
1709725426	16.55	11.43	4.43	4.43	4.44	4.41	0	0	0	0
1709725427	16.50	11.43	4.43	4.43	4.44	4.41	0	0	0	0
1709725428	16.55	11.43	4.43	4.43	4.44	4.41	0	0	0	0
1709725429	16.51	11.43	4.43	4.43	4.44	4.41	0	0	0	0
1709725430	16.51	11.43	4.43	4.43	4.44	4.41	0	0	0	0
1709725431	16.49	11.43	4.43	4.43	4.44	4.41	0	0	0	0
1709725432	16.56	11.43	4.43	4.43	4.44	4.41	0	0	0	0
1709725433	16.52	11.43	4.43	4.43	4.44	4.41	0	0	0	0
1709725434	16.49	11.42	4.43	4.43	4.44	4.41	0	0	0	0
1709725435	16.48	11.43	4.43	4.43	4.44	4.41	0	0	0	0
1709725436	16.52	11.43	4.43	4.43	4.44	4.41	0	0	0	0
1709725437	16.51	11.43	4.43	4.43	4.44	4.41	0	0	0	0
1709725438	16.57	11.43	4.43	4.43	4.44	4.41	0	0	0	0
1709725439	16.53	11.43	4.43	4.43	4.44	4.41	0	0	0	0
1709725440	16.49	11.43	4.43	4.43	4.44	4.41	0	0	0	0
1709725441	16.51	11.43	4.43	4.43	4.44	4.41	0	0	0	0
1709725442	16.51	11.43	4.43	4.43	4.44	4.41	0	0	0	0
1709725443	16.51	11.44	4.43	4.43	4.44	4.41	0	0	0	0
1709725444	16.49	11.43	4.43	4.43	4.44	4.41	0	0	0	0
1709725445	16.48	11.43	4.43	4.43	4.44	4.41	0	0	0	0
1709725446	16.54	11.43	4.43	4.43	4.44	4.41	0	0	0	0
1709725447	16.53	11.43	4.43	4.43	4.44	4.41	0	0	0	0
1709725448	16.51	11.43	4.43	4.43	4.44	4.41	0	0	0	0
1709725449	16.50	11.43	4.43	4.43	4.44	4.41	0	0	0	0
1709725450	16.57	11.43	4.43	4.43	4.44	4.41	0	0	0	0
1709725451	16.48	11.43	4.43	4.43	4.44	4.41	0	0	0	0
1709725452	16.48	11.43	4.43	4.43	4.44	4.41	0	0	0	0
1709725453	16.53	11.43	4.43	4.43	4.44	4.41	0	0	0	0
1709725454	16.56	11.43	4.43	4.43	4.44	4.41	0	0	0	0
1709725455	16.53	11.43	4.43	4.43	4.44	4.41	0	0	0	0
1709725456	16.49	11.43	4.43	4.43	4.44	4.41	0	0	0	0
1709725457	16.49	11.43	4.43	4.43	4.44	4.41	0	0	0	0
1709725458	16.51	11.43	4.43	4.43	4.44	4.41	0	0	0	0
1709725459	16.53	11.43	4.43	4.43	4.44	4.41	0	0	0	0
1709725460	16.51	11.43	4.43	4.43	4.44	4.41	0	0	0	0
1709725461	16.47	11.43	4.43	4.43	4.44	4.41	0	0	0	0
1709725462	16.46	11.43	4.43	4.43	4.44	4.41	0	0	0	0
1709725463	16.50	11.43	4.43	4.43	4.44	4.41	0	0	0	0
1709725464	16.51	11.42	4.43	4.43	4.44	4.41	0	0	0	0
1709725465	16.50	11.43	4.43	4.43	4.44	4.41	0	0	0	0
1709725466	16.51	11.43	4.43	4.43	4.44	4.41	0	0	0	0
1709725467	16.51	11.43	4.43	4.43	4.44	4.41	0	0	0	0
1709725468	16.50	11.43	4.43	4.43	4.44	4.41	0	0	0	0
1709725469	16.57	11.43	4.43	4.43	4.44	4.41	0	0	0	0
1709725470	16.58	11.43	4.43	4.43	4.44	4.41	0	0	0	0
1709725471	16.54	11.43	4.43	4.43	4.44	4.41	0	0	0	0
1709725472	16.54	11.43	4.43	4.43	4.44	4.41	0	0	0	0
1709725473	16.50	11.43	4.43	4.43	4.44	4.41	0	0	0	0
1709725474	16.49	11.43	4.43	4.43	4.44	4.41	0	0	0	0
1709725475	16.48	11.43	4.43	4.43	4.44	4.41	0	0	0	0
1709725476	16.51	11.43	4.43	4.43	4.44	4.41	0	0	0	0
1709725477	16.53	11.43	4.43	4.43	4.44	4.41	0	0	0	0
1709725478	16.52	11.43	4.43	4.43	4.44	4.41	0	0	0	0
1709725479	16.51	11.43	4.43	4.43	4.44	4.41	0	0	0	0
1709725480	16.52	11.43	4.43	4.43	4.44	4.41	0	0	0	0
1709725481	16.50	11.43	4.43	4.43	4.44	4.41	0	0	0	0
1709725482	16.46	11.43	4.43	4.43	4.44	4.41	0	0	0	0
1709725483	16.47	11.43	4.43	4.43	4.44	4.41	0	0	0	0
1709725484	16.50	11.43	4.43	4.43	4.44	4.41	0	0	0	0
1709725485	16.48	11.43	4.43	4.43	4.44	4.41	0	0	0	0
1709725486	16.50	11.43	4.43	4.43	4.44	4.41	0	0	0	0
1709725487	16.55	11.43	4.43	4.43	4.44	4.41	0	0	0	0
1709725488	16.52	11.43	4.43	4.43	4.44	4.41	0	0	0	0
1709725489	16.49	11.43	4.43	4.43	4.44	4.41	0	0	0	0
1709725490	16.50	11.43	4.43	4.43	4.44	4.41	0	0	0	0
1709725491	16.51	11.43	4.43	4.43	4.44	4.41	0	0	0	0
1709725492	16.52	11.43	4.43	4.43	4.44	4.41	0	0	0	0
1709725493	16.53	11.43	4.43	4.43	4.44	4.41	0	0	0	0
1709725494	16.54	11.43	4.43	4.43	4.44	4.41	0	0	0	0
1709725495	16.53	11.43	4.43	4.43	4.44	4.41	0	0	0	0
1709725496	16.53	11.43	4.43	4.43	4.44	4.41	0	0	0	0
1709725497	16.54	11.42	4.43	4.43	4.44	4.41	0	0	0	0
1709725498	16.49	11.43	4.43	4.43	4.44	4.41	0	0	0	0
1709725499	16.51	11.43	4.43	4.43	4.44	4.41	0	0	0	0
1709725500	16.54	11.43	4.43	4.43	4.44	4.41	0	0	0	0
1709725501	16.52	11.43	4.43	4.43	4.44	4.41	0	0	0	0
1709725502	16.51	11.43	4.43	4.43	4.44	4.41	0	0	0	0
1709725503	16.53	11.43	4.43	4.43	4.44	4.41	0	0	0	0
1709725504	16.51	11.43	4.43	4.43	4.44	4.41	0	0	0	0
1709725505	16.50	11.44	4.43	4.43	4.44	4.41	0	0	0	0
1709725506	16.54	11.43	4.43	4.43	4.44	4.41	0	0	0	0
1709725507	16.52	11.43	4.43	4.43	4.44	4.41	0	0	0	0
1709725508	16.50	11.43	4.43	4.43	4.44	4.41	0	0	0	0
1709725509	16.52	11.43	4.43	4.43	4.44	4.41	0	0	0	0
1709725510	16.56	11.43	4.43	4.43	4.44	4.41	0	0	0	0
1709725511	16.51	11.43	4.43	4.43	4.44	4.41	0	0	0	0
1709725512	16.52	11.43	4.43	4.43	4.44	4.41	0	0	0	0
1709725513	16.50	11.43	4.43	4.43	4.44	4.41	0	0	0	0
1709725514	16.48	11.43	4.43	4.43	4.44	4.41	0	0	0	0
1709725515	16.52	11.43	4.43	4.43	4.44	4.41	0	0	0	0
1709725516	16.51	11.43	4.43	4.43	4.44	4.41	0	0	0	0
1709725517	16.55	11.43	4.43	4.43	4.44	4.41	0	0	0	0
1709725518	16.53	11.43	4.43	4.43	4.44	4.41	0	0	0	0
1709725519	16.50	11.43	4.43	4.43	4.44	4.41	0	0	0	0
1709725520	16.55	11.42	4.43	4.43	4.44	4.41	0	0	0	0
1709725521	16.51	11.44	4.43	4.43	4.44	4.41	0	0	0	0
1709725522	16.48	11.43	4.43	4.43	4.44	4.41	0	0	0	0
1709725523	16.53	11.43	4.43	4.43	4.44	4.41	0	0	0	0
1709725524	16.52	11.43	4.43	4.43	4.44	4.41	0	0	0	0
1709725525	16.49	11.43	4.43	4.43	4.44	4.41	0	0	0	0
1709725526	16.50	11.43	4.43	4.43	4.44	4.41	0	0	0	0
1709725527	16.53	11.43	4.43	4.43	4.44	4.41	0	0	0	0
1709725528	16.51	11.43	4.43	4.43	4.44	4.41	0	0	0	0
1709725529	16.52	11.44	4.43	4.43	4.44	4.41	0	0	0	0
1709725530	16.55	11.44	4.43	4.43	4.44	4.41	0	0	0	0
1709725531	16.51	11.42	4.43	4.43	4.44	4.41	0	0	0	0
1709725532	16.52	11.43	4.43	4.43	4.44	4.41	0	0	0	0
1709725533	16.53	11.43	4.43	4.43	4.44	4.41	0	0	0	0
1709725534	16.52	11.43	4.43	4.43	4.44	4.41	0	0	0	0
1709725535	16.52	11.43	4.43	4.43	4.44	4.41	0	0	0	0
1709725536	16.52	11.43	4.43	4.43	4.44	4.41	0	0	0	0
1709725537	16.51	11.43	4.43	4.43	4.44	4.41	0	0	0	0
1709725538	16.53	11.43	4.43	4.43	4.44	4.41	0	0	0	0
1709725539	16.51	11.43	4.43	4.43	4.44	4.41	0	0	0	0
1709725540	16.52	11.43	4.43	4.43	4.44	4.41	0	0	0	0
1709725541	16.53	11.43	4.43	4.43	4.44	4.41	0	0	0	0
1709725542	16.48	11.43	4.43	4.43	4.44	4.41	0	0	0	0
1709725543	16.50	300.00	300.00	300.00	300.00	300.00	0	0	0	0
1709725544	16.55	11.43	4.43	4.43	4.44	4.41	5	0	0	0
1709725545	16.51	11.43	4.43	4.43	4.44	4.41	5	0	0	0
1709725546	16.51	11.43	4.43	4.43	4.44	4.41	5	0	0	0
1709725547	16.51	11.43	4.43	4.43	4.44	4.41	5	0	0	0
1709725548	16.50	11.43	4.43	4.43	4.44	4.41	5	0	0	0
1709725549	16.52	11.43	4.43	4.43	4.44	4.41	5	0	0	0
1709725550	16.57	11.43	4.43	4.43	4.44	4.41	5	0	0	0
1709725551	16.52	11.43	4.43	4.43	4.44	4.41	5	0	0	0
1709725552	16.48	11.43	4.43	4.43	4.44	4.41	5	0	0	0
1709725553	16.50	11.43	4.43	4.43	4.44	4.41	5	0	0	0
1709725554	16.52	11.43	4.43	4.43	4.44	4.41	5	0	0	0
1709725555	16.51	11.43	4.43	4.43	4.44	4.41	5	0	0	0
1709725556	16.51	11.43	4.43	4.43	4.44	4.41	5	0	0	0
1709725557	16.55	11.43	4.43	4.43	4.44	4.41	5	0	0	0
1709725558	16.51	11.43	4.43	4.43	4.44	4.41	5	0	0	0
1709725559	16.52	11.43	4.43	4.43	4.44	4.41	5	0	0	0
1709725560	16.52	11.43	4.43	4.43	4.44	4.41	5	0	0	0
1709725561	16.53	11.43	4.43	4.43	4.44	4.41	5	0	0	0
1709725562	16.52	11.43	4.43	4.43	4.44	4.41	5	0	0	0
1709725563	16.51	11.43	4.43	4.43	4.44	4.41	5	0	0	0
1709725564	16.54	11.43	4.43	4.43	4.44	4.41	5	0	0	0
1709725565	16.50	11.42	4.43	4.43	4.44	4.41	5	0	0	0
1709725566	16.47	11.43	4.43	4.43	4.44	4.41	5	0	0	0
1709725567	16.49	11.43	4.43	4.43	4.44	4.41	5	0	0	0
1709725568	16.52	11.43	4.43	4.43	4.44	4.41	5	0	0	0
1709725569	16.53	11.43	4.43	4.43	4.44	4.41	5	0	0	0
1709725570	16.50	11.43	4.43	4.43	4.44	4.41	5	0	0	0
1709725571	16.51	11.43	4.43	4.43	4.44	4.41	5	0	0	0
1709725572	16.52	11.43	4.43	4.43	4.44	4.41	5	0	0	0
1709725573	16.50	11.43	4.43	4.43	4.44	4.41	5	0	0	0
1709725574	16.54	11.43	4.43	4.43	4.44	4.41	5	0	0	0
1709725575	16.55	11.43	4.43	4.43	4.44	4.41	5	0	0	0
1709725576	16.48	11.43	4.43	4.43	4.44	4.41	5	0	0	0
1709725577	16.51	11.43	4.43	4.43	4.44	4.41	5	0	0	0
1709725578	16.52	11.43	4.43	4.43	4.44	4.41	5	0	0	0
1709725579	16.47	11.43	4.43	4.43	4.44	4.41	5	0	0	0
1709725580	16.53	11.43	4.43	4.43	4.44	4.41	5	0	0	0
1709725581	16.51	11.42	4.43	4.43	4.44	4.41	5	0	0	0
1709725582	16.53	11.43	4.43	4.43	4.44	4.41	5	0	0	0
1709725583	16.52	11.43	4.43	4.43	4.44	4.41	5	0	0	0
1709725584	16.52	11.43	4.43	4.43	4.44	4.41	5	0	0	0
1709725585	16.54	11.43	4.43	4.43	4.44	4.41	5	0	0	0
1709725586	16.49	11.43	4.43	4.43	4.44	4.41	5	0	0	0
1709725587	16.55	11.43	4.43	4.43	4.44	4.41	5	0	0	0
1709725588	16.54	11.43	4.43	4.43	4.44	4.41	5	0	0	0
1709725589	16.49	11.43	4.43	4.43	4.44	4.41	5	0	0	0
1709725590	16.52	11.43	4.43	4.43	4.44	4.41	5	0	0	0
1709725591	16.55	11.43	4.43	4.43	4.44	4.41	5	0	0	0
1709725592	16.50	11.43	4.43	4.43	4.44	4.41	5	0	0	0
1709725593	16.50	11.43	4.43	4.43	4.44	4.41	5	0	0	0
1709725594	16.53	11.43	4.43	4.43	4.44	4.41	5	0	0	0
1709725595	16.54	11.42	4.43	4.43	4.44	4.41	5	0	0	0
1709725596	16.55	11.43	4.43	4.43	4.44	4.41	5	0	0	0
1709725597	16.48	11.43	4.43	4.43	4.44	4.41	5	0	0	0
1709725598	16.49	11.43	4.43	4.43	4.44	4.41	5	0	0	0
1709725599	16.49	300.00	300.00	300.00	300.00	300.00	0	0	0	0
1709725600	16.51	11.43	4.43	4.43	4.44	4.41	0	0	0	0
1709725601	16.54	11.43	4.43	4.43	4.44	4.41	0	0	0	0
1709725602	16.51	11.43	4.43	4.43	4.44	4.41	0	0	0	0
1709725603	16.50	11.43	4.43	4.43	4.44	4.41	0	0	0	0
1709725604	16.54	11.43	4.43	4.43	4.44	4.41	0	0	0	0
1709725605	16.54	11.43	4.43	4.43	4.44	4.41	0	0	0	0
1709725606	16.51	11.43	4.43	4.43	4.44	4.41	0	0	0	0
1709725607	16.53	11.43	4.43	4.43	4.44	4.41	0	0	0	0
1709725608	16.50	11.43	4.43	4.43	4.44	4.41	0	0	0	0
1709725609	16.51	11.43	4.43	4.43	4.44	4.41	0	0	0	0
1709725610	16.52	11.43	4.43	4.43	4.44	4.41	0	0	0	0
1709725611	16.51	11.43	4.43	4.43	4.44	4.41	0	0	0	0
1709725612	16.48	11.43	4.43	4.43	4.44	4.41	0	0	0	0
1709725613	16.49	11.43	4.43	4.43	4.44	4.41	0	0	0	0
1709725614	16.47	11.43	4.43	4.43	4.44	4.41	0	0	0	0
1709725615	16.54	11.43	4.43	4.43	4.44	4.41	0	0	0	0
1709725616	16.53	11.42	4.43	4.43	4.44	4.41	0	0	0	0
1709725617	16.54	11.43	4.43	4.43	4.44	4.41	0	0	0	0
1709725618	16.49	11.43	4.43	4.43	4.44	4.41	0	0	0	0
1709725619	16.47	11.43	4.43	4.43	4.44	4.41	0	0	0	0
1709725620	16.47	11.43	4.43	4.43	4.44	4.41	0	0	0	0
1709725621	16.49	11.43	4.43	4.43	4.44	4.41	0	0	0	0
1709725622	16.48	11.43	4.43	4.43	4.44	4.41	0	0	0	0
1709725623	16.48	11.43	4.43	4.43	4.44	4.41	0	0	0	0
1709725624	16.48	11.43	4.43	4.43	4.44	4.41	0	0	0	0
1709725625	16.54	11.43	4.43	4.43	4.44	4.41	0	0	0	0
1709725626	16.48	11.43	4.43	4.43	4.44	4.41	0	0	0	0
1709725627	16.49	11.43	4.43	4.43	4.44	4.41	0	0	0	0
1709725628	16.53	11.43	4.43	4.43	4.44	4.41	0	0	0	0
1709725629	16.54	11.43	4.43	4.43	4.44	4.41	0	0	0	0
1709725630	16.52	11.43	4.43	4.43	4.44	4.41	0	0	0	0
1709725631	16.51	11.43	4.43	4.43	4.44	4.41	0	0	0	0
1709725632	16.51	11.43	4.43	4.43	4.44	4.41	0	0	0	0
1709725633	16.50	11.43	4.43	4.43	4.44	4.41	0	0	0	0
1709725634	16.52	11.43	4.43	4.43	4.44	4.41	0	0	0	0
1709725635	16.57	11.42	4.43	4.43	4.44	4.41	0	0	0	0
1709725636	16.52	11.43	4.43	4.43	4.44	4.41	0	0	0	0
1709725637	16.52	11.43	4.43	4.43	4.44	4.41	0	0	0	0
1709725638	16.49	11.43	4.43	4.43	4.44	4.41	0	0	0	0
1709725639	16.50	11.43	4.43	4.43	4.44	4.41	0	0	0	0
1709725640	16.47	11.43	4.43	4.43	4.44	4.41	0	0	0	0
1709725641	16.51	11.43	4.43	4.43	4.44	4.41	0	0	0	0
1709725642	16.53	11.43	4.43	4.43	4.44	4.41	0	0	0	0
1709725643	16.51	11.43	4.43	4.43	4.44	4.41	0	0	0	0
1709725644	16.52	11.43	4.43	4.43	4.44	4.41	0	0	0	0
1709725645	16.50	11.43	4.43	4.43	4.44	4.41	0	0	0	0
1709725646	16.48	11.43	4.43	4.43	4.44	4.41	0	0	0	0
1709725647	16.51	11.43	4.43	4.43	4.44	4.41	0	0	0	0
1709725648	16.53	11.43	4.43	4.43	4.44	4.41	0	0	0	0
1709725649	16.51	11.43	4.43	4.43	4.44	4.41	0	0	0	0
1709725650	16.50	11.43	4.43	4.43	4.44	4.41	0	0	0	0
1709725651	16.53	11.43	4.43	4.43	4.44	4.41	0	0	0	0
1709725652	16.46	300.00	300.00	300.00	300.00	300.00	0	0	0	0
1709725653	16.48	11.43	4.43	4.43	4.44	4.41	0	0	1	0
1709725654	16.54	11.43	4.43	4.43	4.44	4.41	0	0	1	0
1709725655	16.52	11.43	4.43	4.43	4.44	4.41	0	0	1	0
1709725656	16.54	11.42	4.43	4.43	4.44	4.41	0	0	1	0
1709725657	16.55	300.00	300.00	300.00	300.00	300.00	0	0	0	0
1709725658	16.53	11.43	4.43	4.43	4.44	4.41	0	0	0	0
1709725659	16.51	11.43	4.43	4.43	4.44	4.41	0	0	0	0
1709725660	16.50	11.43	4.43	4.43	4.44	4.41	0	0	0	0
1709725661	16.52	11.43	4.43	4.43	4.44	4.41	0	0	0	0
1709725662	16.52	11.43	4.43	4.43	4.44	4.41	0	0	0	0
1709725663	16.50	11.43	4.43	4.43	4.44	4.41	0	0	0	0
1709725664	16.54	11.43	4.43	4.43	4.44	4.41	0	0	0	0
1709725665	16.57	11.43	4.43	4.43	4.44	4.41	0	0	0	0
1709725666	16.52	11.43	4.43	4.43	4.44	4.41	0	0	0	0
1709725667	16.54	11.43	4.43	4.43	4.44	4.41	0	0	0	0
1709725668	16.55	11.43	4.43	4.43	4.44	4.41	0	0	0	0
1709725669	16.50	11.43	4.43	4.43	4.44	4.41	0	0	0	0
1709725670	16.48	11.43	4.43	4.43	4.44	4.41	0	0	0	0
1709725671	16.54	11.43	4.43	4.43	4.44	4.41	0	0	0	0
1709725672	16.55	11.43	4.43	4.43	4.44	4.41	0	0	0	0
1709725673	16.53	11.43	4.43	4.43	4.44	4.41	0	0	0	0
1709725674	16.49	11.43	4.43	4.43	4.44	4.41	0	0	0	0
1709725675	16.50	300.00	300.00	300.00	300.00	300.00	0	0	0	0
1709725676	16.48	11.43	4.43	4.43	4.44	4.41	0	0	0	1
1709725677	16.48	11.43	4.43	4.43	4.44	4.41	0	0	0	1
1709725678	16.52	300.00	300.00	300.00	300.00	300.00	0	0	0	0
1709725679	16.49	11.43	4.43	4.43	4.44	4.41	0	0	0	0
1709725680	16.49	11.43	4.43	4.43	4.44	4.41	0	0	0	0
1709725681	16.50	11.43	4.43	4.43	4.44	4.41	0	0	0	0
1709725682	16.52	11.43	4.43	4.43	4.44	4.41	0	0	0	0
1709725683	16.51	11.43	4.43	4.43	4.44	4.41	0	0	0	0
1709725684	16.53	11.43	4.43	4.43	4.44	4.41	0	0	0	0
1709725685	16.50	11.43	4.43	4.43	4.44	4.41	0	0	0	0
1709725686	16.53	11.43	4.43	4.43	4.44	4.41	0	0	0	0
1709725687	16.50	11.43	4.43	4.43	4.44	4.41	0	0	0	0
1709725688	16.54	11.43	4.43	4.43	4.44	4.41	0	0	0	0
1709725689	16.52	11.43	4.43	4.43	4.44	4.41	0	0	0	0
1709725690	16.47	11.43	4.43	4.43	4.44	4.41	0	0	0	0
1709725691	16.52	11.43	4.43	4.43	4.44	4.41	0	0	0	0
1709725692	16.50	11.43	4.43	4.43	4.44	4.41	0	0	0	0
1709725693	16.49	11.43	4.43	4.43	4.44	4.41	0	0	0	0
1709725694	16.54	11.43	4.43	4.43	4.44	4.41	0	0	0	0
1709725695	16.52	11.43	4.43	4.43	4.44	4.41	0	0	0	0
1709725696	16.54	11.43	4.43	4.43	4.44	4.41	0	0	0	0
1709725697	16.52	11.43	4.43	4.43	4.44	4.41	0	0	0	0
1709725698	16.53	11.43	4.43	4.43	4.44	4.41	0	0	0	0
1709725699	16.52	11.43	4.43	4.43	4.44	4.41	0	0	0	0
1709725700	16.52	11.43	4.43	4.43	4.44	4.41	0	0	0	0
1709725701	300.00	300.00	300.00	300.00	300.00	300.00	0	0	0	0
1709725702	300.00	300.00	300.00	300.00	300.00	300.00	0	0	0	0
1709725703	300.00	300.00	300.00	300.00	300.00	300.00	0	0	0	0
1709725704	300.00	300.00	300.00	300.00	300.00	300.00	0	0	0	0
1709725705	300.00	300.00	300.00	300.00	300.00	300.00	0	0	0	0
1709725706	300.00	300.00	300.00	300.00	300.00	300.00	0	0	0	0
1709725707	300.00	300.00	300.00	300.00	300.00	300.00	0	0	0	0
1709725708	300.00	300.00	300.00	300.00	300.00	300.00	0	0	0	0
1709725709	300.00	300.00	300.00	300.00	300.00	300.00	0	0	0	0
1709725710	300.00	300.00	300.00	300.00	300.00	300.00	0	0	0	0
1709725711	300.00	300.00	300.00	300.00	300.00	300.00	0	0	0	0
1709725712	300.00	300.00	300.00	300.00	300.00	300.00	0	0	0	0
1709725713	300.00	300.00	300.00	300.00	300.00	300.00	0	0	0	0
1709725714	300.00	300.00	300.00	300.00	300.00	300.00	0	0	0	0
1709725715	300.00	300.00	300.00	300.00	300.00	300.00	0	0	0	0
1709725716	300.00	300.00	300.00	300.00	300.00	300.00	0	0	0	0
1709725717	300.00	300.00	300.00	300.00	300.00	300.00	0	0	0	0
1709725718	300.00	300.00	300.00	300.00	300.00	300.00	0	0	0	0
1709725719	300.00	300.00	300.00	300.00	300.00	300.00	0	0	0	0
1709725720	300.00	300.00	300.00	300.00	300.00	300.00	0	0	0	0
1709725721	300.00	300.00	300.00	300.00	300.00	300.00	0	0	0	0
1709725722	300.00	300.00	300.00	300.00	300.00	300.00	0	0	0	0
1709725723	300.00	300.00	300.00	300.00	300.00	300.00	0	0	0	0
1709725724	300.00	300.00	300.00	300.00	300.00	300.00	0	0	0	0
1709725725	300.00	300.00	300.00	300.00	300.00	300.00	0	0	0	0
1709725726	300.00	300.00	300.00	300.00	300.00	300.00	0	0	0	0
1709725727	300.00	300.00	300.00	300.00	300.00	300.00	0	0	0	0
1709725728	300.00	300.00	300.00	300.00	300.00	300.00	0	0	0	0
1709725729	300.00	300.00	300.00	300.00	300.00	300.00	0	0	0	0
1709725730	300.00	300.00	300.00	300.00	300.00	300.00	0	0	0	0
1709725731	300.00	300.00	300.00	300.00	300.00	300.00	0	0	0	0
1709725732	300.00	300.00	300.00	300.00	300.00	300.00	0	0	0	0
1709725733	300.00	300.00	300.00	300.00	300.00	300.00	0	0	0	0
1709725734	300.00	300.00	300.00	300.00	300.00	300.00	0	0	0	0
1709725735	300.00	300.00	300.00	300.00	300.00	300.00	0	0	0	0
1709725736	300.00	300.00	300.00	300.00	300.00	300.00	0	0	0	0
1709725737	300.00	300.00	300.00	300.00	300.00	300.00	0	0	0	0
1709725738	300.00	300.00	300.00	300.00	300.00	300.00	0	0	0	0
1709725739	300.00	300.00	300.00	300.00	300.00	300.00	0	0	0	0
1709725740	300.00	300.00	300.00	300.00	300.00	300.00	0	0	0	0
1709725741	300.00	300.00	300.00	300.00	300.00	300.00	0	0	0	0
1709725742	300.00	300.00	300.00	300.00	300.00	300.00	0	0	0	0
1709725743	300.00	300.00	300.00	300.00	300.00	300.00	0	0	0	0
1709725744	300.00	300.00	300.00	300.00	300.00	300.00	0	0	0	0
1709725745	300.00	300.00	300.00	300.00	300.00	300.00	0	0	0	0
1709725746	300.00	300.00	300.00	300.00	300.00	300.00	0	0	0	0
1709725747	300.00	300.00	300.00	300.00	300.00	300.00	0	0	0	0
1709725748	300.00	300.00	300.00	300.00	300.00	300.00	0	0	0	0
1709725749	300.00	300.00	300.00	300.00	300.00	300.00	0	0	0	0
1709725750	300.00	300.00	300.00	300.00	300.00	300.00	0	0	0	0
1709725751	300.00	300.00	300.00	300.00	300.00	300.00	0	0	0	0
1709725752	300.00	300.00	300.00	300.00	300.00	300.00	0	0	0	0
1709725753	300.00	300.00	300.00	300.00	300.00	300.00	0	0	0	0
1709725754	300.00	300.00	300.00	300.00	300.00	300.00	0	0	0	0
1709725755	300.00	300.00	300.00	300.00	300.00	300.00	0	0	0	0
1709725756	300.00	300.00	300.00	300.00	300.00	300.00	0	0	0	0
1709725757	300.00	300.00	300.00	300.00	300.00	300.00	0	0	0	0
1709725758	300.00	300.00	300.00	300.00	300.00	300.00	0	0	0	0
1709725759	300.00	300.00	300.00	300.00	300.00	300.00	0	0	0	0
1709725760	300.00	300.00	300.00	300.00	300.00	300.00	0	0	0	0
1709725761	300.00	300.00	300.00	300.00	300.00	300.00	0	0	0	0
1709725762	300.00	300.00	300.00	300.00	300.00	300.00	0	0	0	0
1709725763	300.00	300.00	300.00	300.00	300.00	300.00	0	0	0	0
1709725764	300.00	300.00	300.00	300.00	300.00	300.00	0	0	0	0
1709725765	300.00	300.00	300.00	300.00	300.00	300.00	0	0	0	0
1709725766	300.00	300.00	300.00	300.00	300.00	300.00	0	0	0	0
1709725767	300.00	300.00	300.00	300.00	300.00	300.00	0	0	0	0
1709725768	300.00	300.00	300.00	300.00	300.00	300.00	0	0	0	0
1709725769	300.00	300.00	300.00	300.00	300.00	300.00	0	0	0	0
1709725770	300.00	300.00	300.00	300.00	300.00	300.00	0	0	0	0
1709725771	300.00	300.00	300.00	300.00	300.00	300.00	0	0	0	0
1709725772	300.00	300.00	300.00	300.00	300.00	300.00	0	0	0	0
1709725773	300.00	300.00	300.00	300.00	300.00	300.00	0	0	0	0
1709725774	300.00	300.00	300.00	300.00	300.00	300.00	0	0	0	0
1709725775	300.00	300.00	300.00	300.00	300.00	300.00	0	0	0	0
1709725776	300.00	300.00	300.00	300.00	300.00	300.00	0	0	0	0
1709725777	300.00	300.00	300.00	300.00	300.00	300.00	0	0	0	0
1709725778	300.00	300.00	300.00	300.00	300.00	300.00	0	0	0	0
1709725779	300.00	300.00	300.00	300.00	300.00	300.00	0	0	0	0
1709725780	300.00	300.00	300.00	300.00	300.00	300.00	0	0	0	0
1709725781	300.00	300.00	300.00	300.00	300.00	300.00	0	0	0	0
1709725782	300.00	300.00	300.00	300.00	300.00	300.00	0	0	0	0
1709725783	300.00	300.00	300.00	300.00	300.00	300.00	0	0	0	0
1709725784	300.00	300.00	300.00	300.00	300.00	300.00	0	0	0	0
1709725785	300.00	300.00	300.00	300.00	300.00	300.00	0	0	0	0
1709725786	300.00	300.00	300.00	300.00	300.00	300.00	0	0	0	0
1709725787	300.00	300.00	300.00	300.00	300.00	300.00	0	0	0	0
1709725788	300.00	300.00	300.00	300.00	300.00	300.00	0	0	0	0
1709725789	300.00	300.00	300.00	300.00	300.00	300.00	0	0	0	0
1709725790	300.00	300.00	300.00	300.00	300.00	300.00	0	0	0	0
1709725791	300.00	300.00	300.00	300.00	300.00	300.00	0	0	0	0
1709725792	300.00	300.00	300.00	300.00	300.00	300.00	0	0	0	0
1709725793	300.00	300.00	300.00	300.00	300.00	300.00	0	0	0	0
1709725794	300.00	300.00	300.00	300.00	300.00	300.00	0	0	0	0
1709725795	300.00	300.00	300.00	300.00	300.00	300.00	0	0	0	0
1709725796	300.00	300.00	300.00	300.00	300.00	300.00	0	0	0	0
1709725797	300.00	300.00	300.00	300.00	300.00	300.00	0	0	0	0
1709725798	300.00	300.00	300.00	300.00	300.00	300.00	0	0	0	0
1709725799	300.00	300.00	300.00	300.00	300.00	300.00	0	0	0	0
1709725800	300.00	300.00	300.00	300.00	300.00	300.00	0	0	0	0
1709725801	300.00	300.00	300.00	300.00	300.00	300.00	0	0	0	0
1709725802	300.00	300.00	300.00	300.00	300.00	300.00	0	0	0	0
1709725803	300.00	300.00	300.00	300.00	300.00	300.00	0	0	0	0
1709725804	300.00	300.00	300.00	300.00	300.00	300.00	0	0	0	0
1709725805	300.00	300.00	300.00	300.00	300.00	300.00	0	0	0	0
1709725806	300.00	300.00	300.00	300.00	300.00	300.00	0	0	0	0
1709725807	300.00	300.00	300.00	300.00	300.00	300.00	0	0	0	0
1709725808	300.00	300.00	300.00	300.00	300.00	300.00	0	0	0	0
1709725809	300.00	300.00	300.00	300.00	300.00	300.00	0	0	0	0
1709725810	300.00	300.00	300.00	300.00	300.00	300.00	0	0	0	0
1709725811	300.00	300.00	300.00	300.00	300.00	300.00	0	0	0	0
1709725812	300.00	300.00	300.00	300.00	300.00	300.00	0	0	0	0
1709725813	300.00	300.00	300.00	300.00	300.00	300.00	0	0	0	0
1709725814	300.00	300.00	300.00	300.00	300.00	300.00	0	0	0	0
1709725815	300.00	300.00	300.00	300.00	300.00	300.00	0	0	0	0
1709725816	300.00	300.00	300.00	300.00	300.00	300.00	0	0	0	0
1709725817	300.00	300.00	300.00	300.00	300.00	300.00	0	0	0	0
1709725818	300.00	300.00	300.00	300.00	300.00	300.00	0	0	0	0
1709725819	300.00	300.00	300.00	300.00	300.00	300.00	0	0	0	0
1709725820	300.00	300.00	300.00	300.00	300.00	300.00	0	0	0	0
1709725821	300.00	300.00	300.00	300.00	300.00	300.00	0	0	0	0
1709725822	300.00	300.00	300.00	300.00	300.00	300.00	0	0	0	0
1709725823	300.00	300.00	300.00	300.00	300.00	300.00	0	0	0	0
1709725824	300.00	300.00	300.00	300.00	300.00	300.00	0	0	0	0
1709725825	300.00	300.00	300.00	300.00	300.00	300.00	0	0	0	0
1709725826	300.00	300.00	300.00	300.00	300.00	300.00	0	0	0	0
1709725827	300.00	300.00	300.00	300.00	300.00	300.00	0	0	0	0
1709725828	300.00	300.00	300.00	300.00	300.00	300.00	0	0	0	0
1709725829	300.00	300.00	300.00	300.00	300.00	300.00	0	0	0	0
1709725830	300.00	300.00	300.00	300.00	300.00	300.00	0	0	0	0
1709725831	300.00	300.00	300.00	300.00	300.00	300.00	0	0	0	0
1709725832	300.00	300.00	300.00	300.00	300.00	300.00	0	0	0	0
1709725833	300.00	300.00	300.00	300.00	300.00	300.00	0	0	0	0
1709725834	300.00	300.00	300.00	300.00	300.00	300.00	0	0	0	0
1709725835	300.00	300.00	300.00	300.00	300.00	300.00	0	0	0	0
1709725836	300.00	300.00	300.00	300.00	300.00	300.00	0	0	0	0
1709725837	300.00	300.00	300.00	300.00	300.00	300.00	0	0	0	0
1709725838	300.00	300.00	300.00	300.00	300.00	300.00	0	0	0	0
1709725839	300.00	300.00	300.00	300.00	300.00	300.00	0	0	0	0
1709725840	300.00	300.00	300.00	300.00	300.00	300.00	0	0	0	0
1709725841	300.00	300.00	300.00	300.00	300.00	300.00	0	0	0	0
1709725842	300.00	300.00	300.00	300.00	300.00	300.00	0	0	0	0
1709725843	300.00	300.00	300.00	300.00	300.00	300.00	0	0	0	0
1709725844	300.00	300.00	300.00	300.00	300.00	300.00	0	0	0	0
1709725845	300.00	300.00	300.00	300.00	300.00	300.00	0	0	0	0
1709725846	300.00	300.00	300.00	300.00	300.00	300.00	0	0	0	0
1709725847	300.00	300.00	300.00	300.00	300.00	300.00	0	0	0	0
1709725848	300.00	300.00	300.00	300.00	300.00	300.00	0	0	0	0
1709725849	300.00	300.00	300.00	300.00	300.00	300.00	0	0	0	0
1709725850	300.00	300.00	300.00	300.00	300.00	300.00	0	0	0	0
1709725851	300.00	300.00	300.00	300.00	300.00	300.00	0	0	0	0
1709725852	300.00	300.00	300.00	300.00	300.00	300.00	0	0	0	0
1709725853	300.00	300.00	300.00	300.00	300.00	300.00	0	0	0	0
1709725854	300.00	300.00	300.00	300.00	300.00	300.00	0	0	0	0
1709725855	300.00	300.00	300.00	300.00	300.00	300.00	0	0	0	0
1709725856	300.00	300.00	300.00	300.00	300.00	300.00	0	0	0	0
1709725857	300.00	300.00	300.00	300.00	300.00	300.00	0	0	0	0
1709725858	300.00	300.00	300.00	300.00	300.00	300.00	0	0	0	0
1709725859	300.00	300.00	300.00	300.00	300.00	300.00	0	0	0	0
1709725860	300.00	300.00	300.00	300.00	300.00	300.00	0	0	0	0
1709725861	300.00	300.00	300.00	300.00	300.00	300.00	0	0	0	0
1709725862	300.00	300.00	300.00	300.00	300.00	300.00	0	0	0	0
1709725863	300.00	300.00	300.00	300.00	300.00	300.00	0	0	0	0
1709725864	300.00	300.00	300.00	300.00	300.00	300.00	0	0	0	0
1709725865	300.00	300.00	300.00	300.00	300.00	300.00	0	0	0	0
1709725866	300.00	300.00	300.00	300.00	300.00	300.00	0	0	0	0
1709725867	300.00	300.00	300.00	300.00	300.00	300.00	0	0	0	0
1709725868	300.00	300.00	300.00	300.00	300.00	300.00	0	0	0	0
1709725869	300.00	300.00	300.00	300.00	300.00	300.00	0	0	0	0
1709725870	300.00	300.00	300.00	300.00	300.00	300.00	0	0	0	0
1709725871	300.00	300.00	300.00	300.00	300.00	300.00	0	0	0	0
1709725872	300.00	300.00	300.00	300.00	300.00	300.00	0	0	0	0
1709725873	300.00	300.00	300.00	300.00	300.00	300.00	0	0	0	0
1709725874	300.00	300.00	300.00	300.00	300.00	300.00	0	0	0	0
1709725875	300.00	300.00	300.00	300.00	300.00	300.00	0	0	0	0
1709725876	300.00	300.00	300.00	300.00	300.00	300.00	0	0	0	0
1709725877	300.00	300.00	300.00	300.00	300.00	300.00	0	0	0	0
1709725878	300.00	300.00	300.00	300.00	300.00	300.00	0	0	0	0
1709725879	300.00	300.00	300.00	300.00	300.00	300.00	0	0	0	0
1709725880	300.00	300.00	300.00	300.00	300.00	300.00	0	0	0	0
1709725881	300.00	300.00	300.00	300.00	300.00	300.00	0	0	0	0
1709725882	300.00	300.00	300.00	300.00	300.00	300.00	0	0	0	0
1709725883	300.00	300.00	300.00	300.00	300.00	300.00	0	0	0	0
1709725884	300.00	300.00	300.00	300.00	300.00	300.00	0	0	0	0
1709725885	300.00	300.00	300.00	300.00	300.00	300.00	0	0	0	0
1709725886	300.00	300.00	300.00	300.00	300.00	300.00	0	0	0	0
1709725887	300.00	300.00	300.00	300.00	300.00	300.00	0	0	0	0
1709725888	300.00	300.00	300.00	300.00	300.00	300.00	0	0	0	0
1709725889	300.00	300.00	300.00	300.00	300.00	300.00	0	0	0	0
1709725890	300.00	300.00	300.00	300.00	300.00	300.00	0	0	0	0
1709725891	300.00	300.00	300.00	300.00	300.00	300.00	0	0	0	0
1709725892	300.00	300.00	300.00	300.00	300.00	300.00	0	0	0	0
1709725893	300.00	300.00	300.00	300.00	300.00	300.00	0	0	0	0
1709725894	300.00	300.00	300.00	300.00	300.00	300.00	0	0	0	0
1709725895	300.00	300.00	300.00	300.00	300.00	300.00	0	0	0	0
1709725896	300.00	300.00	300.00	300.00	300.00	300.00	0	0	0	0
1709725897	300.00	300.00	300.00	300.00	300.00	300.00	0	0	0	0
1709725898	300.00	300.00	300.00	300.00	300.00	300.00	0	0	0	0
1709725899	300.00	300.00	300.00	300.00	300.00	300.00	0	0	0	0
1709725900	300.00	300.00	300.00	300.00	300.00	300.00	0	0	0	0
1709725901	300.00	300.00	300.00	300.00	300.00	300.00	0	0	0	0
1709725902	300.00	300.00	300.00	300.00	300.00	300.00	0	0	0	0
1709725903	300.00	300.00	300.00	300.00	300.00	300.00	0	0	0	0
1709725904	300.00	300.00	300.00	300.00	300.00	300.00	0	0	0	0
1709725905	300.00	300.00	300.00	300.00	300.00	300.00	0	0	0	0
1709725906	300.00	300.00	300.00	300.00	300.00	300.00	0	0	0	0
1709725907	300.00	300.00	300.00	300.00	300.00	300.00	0	0	0	0
1709725908	300.00	300.00	300.00	300.00	300.00	300.00	0	0	0	0
1709725909	300.00	300.00	300.00	300.00	300.00	300.00	0	0	0	0
1709725910	300.00	300.00	300.00	300.00	300.00	300.00	0	0	0	0
1709725911	300.00	300.00	300.00	300.00	300.00	300.00	0	0	0	0
1709725912	300.00	300.00	300.00	300.00	300.00	300.00	0	0	0	0
1709725913	300.00	300.00	300.00	300.00	300.00	300.00	0	0	0	0
1709725914	300.00	300.00	300.00	300.00	300.00	300.00	0	0	0	0
1709725915	300.00	300.00	300.00	300.00	300.00	300.00	0	0	0	0
1709725916	300.00	300.00	300.00	300.00	300.00	300.00	0	0	0	0
1709725917	300.00	300.00	300.00	300.00	300.00	300.00	0	0	0	0
1709725918	300.00	300.00	300.00	300.00	300.00	300.00	0	0	0	0
1709725919	300.00	300.00	300.00	300.00	300.00	300.00	0	0	0	0
1709725920	300.00	300.00	300.00	300.00	300.00	300.00	0	0	0	0
1709725921	300.00	300.00	300.00	300.00	300.00	300.00	0	0	0	0
1709725922	300.00	300.00	300.00	300.00	300.00	300.00	0	0	0	0
1709725923	300.00	300.00	300.00	300.00	300.00	300.00	0	0	0	0
1709725924	300.00	300.00	300.00	300.00	300.00	300.00	0	0	0	0
1709725925	300.00	300.00	300.00	300.00	300.00	300.00	0	0	0	0
1709725926	300.00	300.00	300.00	300.00	300.00	300.00	0	0	0	0
1709725927	300.00	300.00	300.00	300.00	300.00	300.00	0	0	0	0
1709725928	300.00	300.00	300.00	300.00	300.00	300.00	0	0	0	0
1709725929	300.00	300.00	300.00	300.00	300.00	300.00	0	0	0	0
1709725930	300.00	300.00	300.00	300.00	300.00	300.00	0	0	0	0
1709725931	300.00	300.00	300.00	300.00	300.00	300.00	0	0	0	0
1709725932	300.00	300.00	300.00	300.00	300.00	300.00	0	0	0	0
1709725933	300.00	300.00	300.00	300.00	300.00	300.00	0	0	0	0
1709725934	300.00	300.00	300.00	300.00	300.00	300.00	0	0	0	0
1709725935	300.00	300.00	300.00	300.00	300.00	300.00	0	0	0	0
1709725936	300.00	300.00	300.00	300.00	300.00	300.00	0	0	0	0
1709725937	300.00	300.00	300.00	300.00	300.00	300.00	0	0	0	0
1709725938	300.00	300.00	300.00	300.00	300.00	300.00	0	0	0	0
1709725939	300.00	300.00	300.00	300.00	300.00	300.00	0	0	0	0
1709725940	300.00	300.00	300.00	300.00	300.00	300.00	0	0	0	0
1709725941	300.00	300.00	300.00	300.00	300.00	300.00	0	0	0	0
1709725942	300.00	300.00	300.00	300.00	300.00	300.00	0	0	0	0
1709725943	300.00	300.00	300.00	300.00	300.00	300.00	0	0	0	0
1709725944	300.00	300.00	300.00	300.00	300.00	300.00	0	0	0	0
1709725945	300.00	300.00	300.00	300.00	300.00	300.00	0	0	0	0
1709725946	300.00	300.00	300.00	300.00	300.00	300.00	0	0	0	0
1709725947	300.00	300.00	300.00	300.00	300.00	300.00	0	0	0	0
1709725948	300.00	300.00	300.00	300.00	300.00	300.00	0	0	0	0
1709725949	300.00	300.00	300.00	300.00	300.00	300.00	0	0	0	0
1709725950	300.00	300.00	300.00	300.00	300.00	300.00	0	0	0	0
1709725951	300.00	300.00	300.00	300.00	300.00	300.00	0	0	0	0
1709725952	300.00	300.00	300.00	300.00	300.00	300.00	0	0	0	0
1709725953	300.00	300.00	300.00	300.00	300.00	300.00	0	0	0	0
1709725954	300.00	300.00	300.00	300.00	300.00	300.00	0	0	0	0
1709725955	300.00	300.00	300.00	300.00	300.00	300.00	0	0	0	0
1709725956	300.00	300.00	300.00	300.00	300.00	300.00	0	0	0	0
1709725957	300.00	300.00	300.00	300.00	300.00	300.00	0	0	0	0
1709725958	300.00	300.00	300.00	300.00	300.00	300.00	0	0	0	0
1709725959	300.00	300.00	300.00	300.00	300.00	300.00	0	0	0	0
1709725960	300.00	300.00	300.00	300.00	300.00	300.00	0	0	0	0
1709725961	300.00	300.00	300.00	300.00	300.00	300.00	0	0	0	0
1709725962	300.00	300.00	300.00	300.00	300.00	300.00	0	0	0	0
1709725963	300.00	300.00	300.00	300.00	300.00	300.00	0	0	0	0
1709725964	300.00	300.00	300.00	300.00	300.00	300.00	0	0	0	0
1709725965	300.00	300.00	300.00	300.00	300.00	300.00	0	0	0	0
1709725966	300.00	300.00	300.00	300.00	300.00	300.00	0	0	0	0
1709725967	300.00	300.00	300.00	300.00	300.00	300.00	0	0	0	0
1709725968	300.00	300.00	300.00	300.00	300.00	300.00	0	0	0	0
1709725969	300.00	300.00	300.00	300.00	300.00	300.00	0	0	0	0
1709725970	300.00	300.00	300.00	300.00	300.00	300.00	0	0	0	0
1709725971	300.00	300.00	300.00	300.00	300.00	300.00	0	0	0	0
1709725972	300.00	300.00	300.00	300.00	300.00	300.00	0	0	0	0
1709725973	300.00	300.00	300.00	300.00	300.00	300.00	0	0	0	0
1709725974	300.00	300.00	300.00	300.00	300.00	300.00	0	0	0	0
1709725975	300.00	300.00	300.00	300.00	300.00	300.00	0	0	0	0
1709725976	300.00	300.00	300.00	300.00	300.00	300.00	0	0	0	0
1709725977	300.00	300.00	300.00	300.00	300.00	300.00	0	0	0	0
1709725978	300.00	300.00	300.00	300.00	300.00	300.00	0	0	0	0
1709725979	300.00	300.00	300.00	300.00	300.00	300.00	0	0	0	0
1709725980	300.00	300.00	300.00	300.00	300.00	300.00	0	0	0	0
1709725981	300.00	300.00	300.00	300.00	300.00	300.00	0	0	0	0
1709725982	300.00	300.00	300.00	300.00	300.00	300.00	0	0	0	0
1709725983	300.00	300.00	300.00	300.00	300.00	300.00	0	0	0	0
1709725984	300.00	300.00	300.00	300.00	300.00	300.00	0	0	0	0
1709725985	300.00	300.00	300.00	300.00	300.00	300.00	0	0	0	0
1709725986	300.00	300.00	300.00	300.00	300.00	300.00	0	0	0	0
1709725987	300.00	300.00	300.00	300.00	300.00	300.00	0	0	0	0
1709725988	300.00	300.00	300.00	300.00	300.00	300.00	0	0	0	0
1709725989	300.00	300.00	300.00	300.00	300.00	300.00	0	0	0	0
1709725990	300.00	300.00	300.00	300.00	300.00	300.00	0	0	0	0
1709725991	300.00	300.00	300.00	300.00	300.00	300.00	0	0	0	0
1709725992	300.00	300.00	300.00	300.00	300.00	300.00	0	0	0	0
1709725993	300.00	300.00	300.00	300.00	300.00	300.00	0	0	0	0
1709725994	300.00	300.00	300.00	300.00	300.00	300.00	0	0	0	0
1709725995	300.00	300.00	300.00	300.00	300.00	300.00	0	0	0	0
1709725996	300.00	300.00	300.00	300.00	300.00	300.00	0	0	0	0
1709725997	300.00	300.00	300.00	300.00	300.00	300.00	0	0	0	0
1709725998	300.00	300.00	300.00	300.00	300.00	300.00	0	0	0	0
1709725999	300.00	300.00	300.00	300.00	300.00	300.00	0	0	0	0
1709726000	300.00	300.00	300.00	300.00	300.00	300.00	0	0	0	0
1709726001	300.00	300.00	300.00	300.00	300.00	300.00	0	0	0	0
1709726002	300.00	300.00	300.00	300.00	300.00	300.00	0	0	0	0
1709726003	300.00	300.00	300.00	300.00	300.00	300.00	0	0	0	0
1709726004	300.00	300.00	300.00	300.00	300.00	300.00	0	0	0	0
1709726005	300.00	300.00	300.00	300.00	300.00	300.00	0	0	0	0
1709726006	300.00	300.00	300.00	300.00	300.00	300.00	0	0	0	0
1709726007	300.00	300.00	300.00	300.00	300.00	300.00	0	0	0	0
1709726008	300.00	300.00	300.00	300.00	300.00	300.00	0	0	0	0
1709726009	300.00	300.00	300.00	300.00	300.00	300.00	0	0	0	0
1709726010	300.00	300.00	300.00	300.00	300.00	300.00	0	0	0	0
1709726011	300.00	300.00	300.00	300.00	300.00	300.00	0	0	0	0
1709726012	300.00	300.00	300.00	300.00	300.00	300.00	0	0	0	0
1709726013	300.00	300.00	300.00	300.00	300.00	300.00	0	0	0	0
1709726014	300.00	300.00	300.00	300.00	300.00	300.00	0	0	0	0
1709726015	300.00	300.00	300.00	300.00	300.00	300.00	0	0	0	0
1709726016	300.00	300.00	300.00	300.00	300.00	300.00	0	0	0	0
1709726017	300.00	300.00	300.00	300.00	300.00	300.00	0	0	0	0
1709726018	300.00	300.00	300.00	300.00	300.00	300.00	0	0	0	0
1709726019	300.00	300.00	300.00	300.00	300.00	300.00	0	0	0	0
1709726020	300.00	300.00	300.00	300.00	300.00	300.00	0	0	0	0
1709726021	300.00	300.00	300.00	300.00	300.00	300.00	0	0	0	0
1709726022	300.00	300.00	300.00	300.00	300.00	300.00	0	0	0	0
1709726023	300.00	300.00	300.00	300.00	300.00	300.00	0	0	0	0
1709726024	300.00	300.00	300.00	300.00	300.00	300.00	0	0	0	0
1709726025	300.00	300.00	300.00	300.00	300.00	300.00	0	0	0	0
1709726026	300.00	300.00	300.00	300.00	300.00	300.00	0	0	0	0
1709726027	300.00	300.00	300.00	300.00	300.00	300.00	0	0	0	0
1709726028	300.00	300.00	300.00	300.00	300.00	300.00	0	0	0	0
1709726029	300.00	300.00	300.00	300.00	300.00	300.00	0	0	0	0
1709726030	300.00	300.00	300.00	300.00	300.00	300.00	0	0	0	0
1709726031	300.00	300.00	300.00	300.00	300.00	300.00	0	0	0	0
1709726032	300.00	300.00	300.00	300.00	300.00	300.00	0	0	0	0
1709726033	300.00	300.00	300.00	300.00	300.00	300.00	0	0	0	0
1709726034	300.00	300.00	300.00	300.00	300.00	300.00	0	0	0	0
1709726035	300.00	300.00	300.00	300.00	300.00	300.00	0	0	0	0
1709726036	300.00	300.00	300.00	300.00	300.00	300.00	0	0	0	0
1709726037	300.00	300.00	300.00	300.00	300.00	300.00	0	0	0	0
1709726038	300.00	300.00	300.00	300.00	300.00	300.00	0	0	0	0
1709726039	300.00	300.00	300.00	300.00	300.00	300.00	0	0	0	0
1709726040	300.00	300.00	300.00	300.00	300.00	300.00	0	0	0	0
1709726041	300.00	300.00	300.00	300.00	300.00	300.00	0	0	0	0
1709726042	300.00	300.00	300.00	300.00	300.00	300.00	0	0	0	0
1709726043	300.00	300.00	300.00	300.00	300.00	300.00	0	0	0	0
1709726044	300.00	300.00	300.00	300.00	300.00	300.00	0	0	0	0
1709726045	300.00	300.00	300.00	300.00	300.00	300.00	0	0	0	0
1709726046	300.00	300.00	300.00	300.00	300.00	300.00	0	0	0	0
1709726047	300.00	300.00	300.00	300.00	300.00	300.00	0	0	0	0
1709726048	300.00	300.00	300.00	300.00	300.00	300.00	0	0	0	0
1709726049	300.00	300.00	300.00	300.00	300.00	300.00	0	0	0	0
1709726050	300.00	300.00	300.00	300.00	300.00	300.00	0	0	0	0
1709726051	300.00	300.00	300.00	300.00	300.00	300.00	0	0	0	0
1709726052	300.00	300.00	300.00	300.00	300.00	300.00	0	0	0	0
1709726053	300.00	300.00	300.00	300.00	300.00	300.00	0	0	0	0
1709726054	300.00	300.00	300.00	300.00	300.00	300.00	0	0	0	0
1709726055	300.00	300.00	300.00	300.00	300.00	300.00	0	0	0	0
1709726056	300.00	300.00	300.00	300.00	300.00	300.00	0	0	0	0
1709726057	300.00	300.00	300.00	300.00	300.00	300.00	0	0	0	0
1709726058	300.00	300.00	300.00	300.00	300.00	300.00	0	0	0	0
1709726059	300.00	300.00	300.00	300.00	300.00	300.00	0	0	0	0
1709726060	300.00	300.00	300.00	300.00	300.00	300.00	0	0	0	0
1709726061	300.00	300.00	300.00	300.00	300.00	300.00	0	0	0	0
1709726062	300.00	300.00	300.00	300.00	300.00	300.00	0	0	0	0
1709726063	300.00	300.00	300.00	300.00	300.00	300.00	0	0	0	0
1709726064	300.00	300.00	300.00	300.00	300.00	300.00	0	0	0	0
1709726065	300.00	300.00	300.00	300.00	300.00	300.00	0	0	0	0
1709726066	300.00	300.00	300.00	300.00	300.00	300.00	0	0	0	0
1709726067	300.00	300.00	300.00	300.00	300.00	300.00	0	0	0	0
1709726068	300.00	300.00	300.00	300.00	300.00	300.00	0	0	0	0
1709726069	300.00	300.00	300.00	300.00	300.00	300.00	0	0	0	0
1709726070	300.00	300.00	300.00	300.00	300.00	300.00	0	0	0	0
1709726071	300.00	300.00	300.00	300.00	300.00	300.00	0	0	0	0
1709726072	300.00	300.00	300.00	300.00	300.00	300.00	0	0	0	0
1709726073	300.00	300.00	300.00	300.00	300.00	300.00	0	0	0	0
1709726074	300.00	300.00	300.00	300.00	300.00	300.00	0	0	0	0
1709726075	300.00	300.00	300.00	300.00	300.00	300.00	0	0	0	0
1709726076	300.00	300.00	300.00	300.00	300.00	300.00	0	0	0	0
1709726077	300.00	300.00	300.00	300.00	300.00	300.00	0	0	0	0
1709726078	300.00	300.00	300.00	300.00	300.00	300.00	0	0	0	0
1709726079	300.00	300.00	300.00	300.00	300.00	300.00	0	0	0	0
1709726080	300.00	300.00	300.00	300.00	300.00	300.00	0	0	0	0
1709726081	300.00	300.00	300.00	300.00	300.00	300.00	0	0	0	0
1709726082	300.00	300.00	300.00	300.00	300.00	300.00	0	0	0	0
1709726083	300.00	300.00	300.00	300.00	300.00	300.00	0	0	0	0
1709726084	300.00	300.00	300.00	300.00	300.00	300.00	0	0	0	0
1709726085	300.00	300.00	300.00	300.00	300.00	300.00	0	0	0	0
1709726086	300.00	300.00	300.00	300.00	300.00	300.00	0	0	0	0
1709726087	300.00	300.00	300.00	300.00	300.00	300.00	0	0	0	0
1709726088	300.00	300.00	300.00	300.00	300.00	300.00	0	0	0	0
1709726089	300.00	300.00	300.00	300.00	300.00	300.00	0	0	0	0
1709726090	300.00	300.00	300.00	300.00	300.00	300.00	0	0	0	0
1709726091	300.00	300.00	300.00	300.00	300.00	300.00	0	0	0	0
1709726092	300.00	300.00	300.00	300.00	300.00	300.00	0	0	0	0
1709726093	300.00	300.00	300.00	300.00	300.00	300.00	0	0	0	0
1709726094	300.00	300.00	300.00	300.00	300.00	300.00	0	0	0	0
1709726095	300.00	300.00	300.00	300.00	300.00	300.00	0	0	0	0
1709726096	300.00	300.00	300.00	300.00	300.00	300.00	0	0	0	0
1709726097	300.00	300.00	300.00	300.00	300.00	300.00	0	0	0	0
1709726098	300.00	300.00	300.00	300.00	300.00	300.00	0	0	0	0
1709726099	300.00	300.00	300.00	300.00	300.00	300.00	0	0	0	0
1709726100	300.00	300.00	300.00	300.00	300.00	300.00	0	0	0	0
1709726101	300.00	300.00	300.00	300.00	300.00	300.00	0	0	0	0
1709726102	300.00	300.00	300.00	300.00	300.00	300.00	0	0	0	0
1709726103	300.00	300.00	300.00	300.00	300.00	300.00	0	0	0	0
1709726104	300.00	300.00	300.00	300.00	300.00	300.00	0	0	0	0
1709726105	300.00	300.00	300.00	300.00	300.00	300.00	0	0	0	0
1709726106	300.00	300.00	300.00	300.00	300.00	300.00	0	0	0	0
1709726107	300.00	300.00	300.00	300.00	300.00	300.00	0	0	0	0
1709726108	300.00	300.00	300.00	300.00	300.00	300.00	0	0	0	0
1709726109	300.00	300.00	300.00	300.00	300.00	300.00	0	0	0	0
1709726110	300.00	300.00	300.00	300.00	300.00	300.00	0	0	0	0
1709726111	300.00	300.00	300.00	300.00	300.00	300.00	0	0	0	0
1709726112	300.00	300.00	300.00	300.00	300.00	300.00	0	0	0	0
1709726113	300.00	300.00	300.00	300.00	300.00	300.00	0	0	0	0
1709726114	300.00	300.00	300.00	300.00	300.00	300.00	0	0	0	0
1709726115	300.00	300.00	300.00	300.00	300.00	300.00	0	0	0	0
1709726116	300.00	300.00	300.00	300.00	300.00	300.00	0	0	0	0
1709726117	300.00	300.00	300.00	300.00	300.00	300.00	0	0	0	0
1709726118	300.00	300.00	300.00	300.00	300.00	300.00	0	0	0	0
1709726119	300.00	300.00	300.00	300.00	300.00	300.00	0	0	0	0
1709726120	300.00	300.00	300.00	300.00	300.00	300.00	0	0	0	0
1709726121	300.00	300.00	300.00	300.00	300.00	300.00	0	0	0	0
1709726122	300.00	300.00	300.00	300.00	300.00	300.00	0	0	0	0
1709726123	300.00	300.00	300.00	300.00	300.00	300.00	0	0	0	0
1709726124	300.00	300.00	300.00	300.00	300.00	300.00	0	0	0	0
1709726125	300.00	300.00	300.00	300.00	300.00	300.00	0	0	0	0
1709726126	300.00	300.00	300.00	300.00	300.00	300.00	0	0	0	0
1709726127	300.00	300.00	300.00	300.00	300.00	300.00	0	0	0	0
1709726128	300.00	300.00	300.00	300.00	300.00	300.00	0	0	0	0
1709726129	300.00	300.00	300.00	300.00	300.00	300.00	0	0	0	0
1709726130	300.00	300.00	300.00	300.00	300.00	300.00	0	0	0	0
1709726131	300.00	300.00	300.00	300.00	300.00	300.00	0	0	0	0
1709726132	300.00	300.00	300.00	300.00	300.00	300.00	0	0	0	0
1709726133	300.00	300.00	300.00	300.00	300.00	300.00	0	0	0	0
1709726134	300.00	300.00	300.00	300.00	300.00	300.00	0	0	0	0
1709726135	300.00	300.00	300.00	300.00	300.00	300.00	0	0	0	0
1709726136	300.00	300.00	300.00	300.00	300.00	300.00	0	0	0	0
1709726137	300.00	300.00	300.00	300.00	300.00	300.00	0	0	0	0
1709726138	300.00	300.00	300.00	300.00	300.00	300.00	0	0	0	0
1709726139	300.00	300.00	300.00	300.00	300.00	300.00	0	0	0	0
1709726140	300.00	300.00	300.00	300.00	300.00	300.00	0	0	0	0
1709726141	300.00	300.00	300.00	300.00	300.00	300.00	0	0	0	0
1709726142	300.00	300.00	300.00	300.00	300.00	300.00	0	0	0	0
1709726143	300.00	300.00	300.00	300.00	300.00	300.00	0	0	0	0
1709726144	300.00	300.00	300.00	300.00	300.00	300.00	0	0	0	0
1709726145	300.00	300.00	300.00	300.00	300.00	300.00	0	0	0	0
1709726146	300.00	300.00	300.00	300.00	300.00	300.00	0	0	0	0
1709726147	300.00	300.00	300.00	300.00	300.00	300.00	0	0	0	0
1709726148	300.00	300.00	300.00	300.00	300.00	300.00	0	0	0	0
1709726149	300.00	300.00	300.00	300.00	300.00	300.00	0	0	0	0
1709726150	300.00	300.00	300.00	300.00	300.00	300.00	0	0	0	0
1709726151	300.00	300.00	300.00	300.00	300.00	300.00	0	0	0	0
1709726152	300.00	300.00	300.00	300.00	300.00	300.00	0	0	0	0
1709726153	300.00	300.00	300.00	300.00	300.00	300.00	0	0	0	0
1709726154	300.00	300.00	300.00	300.00	300.00	300.00	0	0	0	0
1709726155	300.00	300.00	300.00	300.00	300.00	300.00	0	0	0	0
1709726156	300.00	300.00	300.00	300.00	300.00	300.00	0	0	0	0
1709726157	300.00	300.00	300.00	300.00	300.00	300.00	0	0	0	0
1709726158	300.00	300.00	300.00	300.00	300.00	300.00	0	0	0	0
1709726159	300.00	300.00	300.00	300.00	300.00	300.00	0	0	0	0
1709726160	300.00	300.00	300.00	300.00	300.00	300.00	0	0	0	0
1709726161	300.00	300.00	300.00	300.00	300.00	300.00	0	0	0	0
1709726162	300.00	300.00	300.00	300.00	300.00	300.00	0	0	0	0
1709726163	300.00	300.00	300.00	300.00	300.00	300.00	0	0	0	0
1709726164	300.00	300.00	300.00	300.00	300.00	300.00	0	0	0	0
1709726165	300.00	300.00	300.00	300.00	300.00	300.00	0	0	0	0
1709726166	300.00	300.00	300.00	300.00	300.00	300.00	0	0	0	0
1709726167	300.00	300.00	300.00	300.00	300.00	300.00	0	0	0	0
1709726168	300.00	300.00	300.00	300.00	300.00	300.00	0	0	0	0
1709726169	300.00	300.00	300.00	300.00	300.00	300.00	0	0	0	0
1709726170	300.00	300.00	300.00	300.00	300.00	300.00	0	0	0	0
1709726171	300.00	300.00	300.00	300.00	300.00	300.00	0	0	0	0
1709726172	300.00	300.00	300.00	300.00	300.00	300.00	0	0	0	0
1709726173	300.00	300.00	300.00	300.00	300.00	300.00	0	0	0	0
1709726174	300.00	300.00	300.00	300.00	300.00	300.00	0	0	0	0
1709726175	300.00	300.00	300.00	300.00	300.00	300.00	0	0	0	0
1709726176	300.00	300.00	300.00	300.00	300.00	300.00	0	0	0	0
1709726177	300.00	300.00	300.00	300.00	300.00	300.00	0	0	0	0
1709726178	300.00	300.00	300.00	300.00	300.00	300.00	0	0	0	0
1709726179	300.00	300.00	300.00	300.00	300.00	300.00	0	0	0	0
1709726180	300.00	300.00	300.00	300.00	300.00	300.00	0	0	0	0
1709726181	300.00	300.00	300.00	300.00	300.00	300.00	0	0	0	0
1709726182	300.00	300.00	300.00	300.00	300.00	300.00	0	0	0	0
1709726183	300.00	300.00	300.00	300.00	300.00	300.00	0	0	0	0
1709726184	300.00	300.00	300.00	300.00	300.00	300.00	0	0	0	0
1709726185	300.00	300.00	300.00	300.00	300.00	300.00	0	0	0	0
1709726186	300.00	300.00	300.00	300.00	300.00	300.00	0	0	0	0
1709726187	300.00	300.00	300.00	300.00	300.00	300.00	0	0	0	0
1709726188	300.00	300.00	300.00	300.00	300.00	300.00	0	0	0	0
1709726189	300.00	300.00	300.00	300.00	300.00	300.00	0	0	0	0
1709726190	300.00	300.00	300.00	300.00	300.00	300.00	0	0	0	0
1709726191	300.00	300.00	300.00	300.00	300.00	300.00	0	0	0	0
1709726192	300.00	300.00	300.00	300.00	300.00	300.00	0	0	0	0
1709726193	300.00	300.00	300.00	300.00	300.00	300.00	0	0	0	0
1709726194	300.00	300.00	300.00	300.00	300.00	300.00	0	0	0	0
1709726195	300.00	300.00	300.00	300.00	300.00	300.00	0	0	0	0
1709726196	300.00	300.00	300.00	300.00	300.00	300.00	0	0	0	0
1709726197	300.00	300.00	300.00	300.00	300.00	300.00	0	0	0	0
1709726198	300.00	300.00	300.00	300.00	300.00	300.00	0	0	0	0
1709726199	300.00	300.00	300.00	300.00	300.00	300.00	0	0	0	0
1709726200	300.00	300.00	300.00	300.00	300.00	300.00	0	0	0	0
1709726201	300.00	300.00	300.00	300.00	300.00	300.00	0	0	0	0
1709726202	300.00	300.00	300.00	300.00	300.00	300.00	0	0	0	0
1709726203	300.00	300.00	300.00	300.00	300.00	300.00	0	0	0	0
1709726204	300.00	300.00	300.00	300.00	300.00	300.00	0	0	0	0
1709726205	300.00	300.00	300.00	300.00	300.00	300.00	0	0	0	0
1709726206	300.00	300.00	300.00	300.00	300.00	300.00	0	0	0	0
1709726207	300.00	300.00	300.00	300.00	300.00	300.00	0	0	0	0
1709726208	300.00	300.00	300.00	300.00	300.00	300.00	0	0	0	0
1709726209	300.00	300.00	300.00	300.00	300.00	300.00	0	0	0	0
1709726210	300.00	300.00	300.00	300.00	300.00	300.00	0	0	0	0
1709726211	300.00	300.00	300.00	300.00	300.00	300.00	0	0	0	0
1709726212	300.00	300.00	300.00	300.00	300.00	300.00	0	0	0	0
1709726213	300.00	300.00	300.00	300.00	300.00	300.00	0	0	0	0
1709726214	300.00	300.00	300.00	300.00	300.00	300.00	0	0	0	0
1709726215	300.00	300.00	300.00	300.00	300.00	300.00	0	0	0	0
1709726216	300.00	300.00	300.00	300.00	300.00	300.00	0	0	0	0
1709726217	300.00	300.00	300.00	300.00	300.00	300.00	0	0	0	0
1709726218	300.00	300.00	300.00	300.00	300.00	300.00	0	0	0	0
1709726219	300.00	300.00	300.00	300.00	300.00	300.00	0	0	0	0
1709726220	300.00	300.00	300.00	300.00	300.00	300.00	0	0	0	0
1709726221	300.00	300.00	300.00	300.00	300.00	300.00	0	0	0	0
1709726222	300.00	300.00	300.00	300.00	300.00	300.00	0	0	0	0
1709726223	300.00	300.00	300.00	300.00	300.00	300.00	0	0	0	0
1709726224	300.00	300.00	300.00	300.00	300.00	300.00	0	0	0	0
1709726225	300.00	300.00	300.00	300.00	300.00	300.00	0	0	0	0
1709726226	300.00	300.00	300.00	300.00	300.00	300.00	0	0	0	0
1709726227	300.00	300.00	300.00	300.00	300.00	300.00	0	0	0	0
1709726228	300.00	300.00	300.00	300.00	300.00	300.00	0	0	0	0
1709726229	300.00	300.00	300.00	300.00	300.00	300.00	0	0	0	0
1709726230	300.00	300.00	300.00	300.00	300.00	300.00	0	0	0	0
1709726231	300.00	300.00	300.00	300.00	300.00	300.00	0	0	0	0
1709726232	300.00	300.00	300.00	300.00	300.00	300.00	0	0	0	0
1709726233	300.00	300.00	300.00	300.00	300.00	300.00	0	0	0	0
1709726234	300.00	300.00	300.00	300.00	300.00	300.00	0	0	0	0
1709726235	300.00	300.00	300.00	300.00	300.00	300.00	0	0	0	0
1709726236	300.00	300.00	300.00	300.00	300.00	300.00	0	0	0	0
1709726237	300.00	300.00	300.00	300.00	300.00	300.00	0	0	0	0
1709726238	300.00	300.00	300.00	300.00	300.00	300.00	0	0	0	0
1709726239	300.00	300.00	300.00	300.00	300.00	300.00	0	0	0	0
1709726240	300.00	300.00	300.00	300.00	300.00	300.00	0	0	0	0
1709726241	300.00	300.00	300.00	300.00	300.00	300.00	0	0	0	0
1709726242	300.00	300.00	300.00	300.00	300.00	300.00	0	0	0	0
1709726243	300.00	300.00	300.00	300.00	300.00	300.00	0	0	0	0
1709726244	300.00	300.00	300.00	300.00	300.00	300.00	0	0	0	0
1709726245	300.00	300.00	300.00	300.00	300.00	300.00	0	0	0	0
1709726246	300.00	300.00	300.00	300.00	300.00	300.00	0	0	0	0
1709726247	300.00	300.00	300.00	300.00	300.00	300.00	0	0	0	0
1709726248	300.00	300.00	300.00	300.00	300.00	300.00	0	0	0	0
1709726249	300.00	300.00	300.00	300.00	300.00	300.00	0	0	0	0
1709726250	300.00	300.00	300.00	300.00	300.00	300.00	0	0	0	0
1709726251	300.00	300.00	300.00	300.00	300.00	300.00	0	0	0	0
1709726252	300.00	300.00	300.00	300.00	300.00	300.00	0	0	0	0
1709726253	300.00	300.00	300.00	300.00	300.00	300.00	0	0	0	0
1709726254	300.00	300.00	300.00	300.00	300.00	300.00	0	0	0	0
1709726255	300.00	300.00	300.00	300.00	300.00	300.00	0	0	0	0
1709726256	300.00	300.00	300.00	300.00	300.00	300.00	0	0	0	0
1709726257	300.00	300.00	300.00	300.00	300.00	300.00	0	0	0	0
1709726258	300.00	300.00	300.00	300.00	300.00	300.00	0	0	0	0
1709726259	300.00	300.00	300.00	300.00	300.00	300.00	0	0	0	0
1709726260	300.00	300.00	300.00	300.00	300.00	300.00	0	0	0	0
1709726261	300.00	300.00	300.00	300.00	300.00	300.00	0	0	0	0
1709726262	300.00	300.00	300.00	300.00	300.00	300.00	0	0	0	0
1709726263	300.00	300.00	300.00	300.00	300.00	300.00	0	0	0	0
1709726264	300.00	300.00	300.00	300.00	300.00	300.00	0	0	0	0
1709726265	300.00	300.00	300.00	300.00	300.00	300.00	0	0	0	0
1709726266	300.00	300.00	300.00	300.00	300.00	300.00	0	0	0	0
1709726267	300.00	300.00	300.00	300.00	300.00	300.00	0	0	0	0
1709726268	300.00	300.00	300.00	300.00	300.00	300.00	0	0	0	0
1709726269	300.00	300.00	300.00	300.00	300.00	300.00	0	0	0	0
1709726270	300.00	300.00	300.00	300.00	300.00	300.00	0	0	0	0
1709726271	300.00	300.00	300.00	300.00	300.00	300.00	0	0	0	0
1709726272	300.00	300.00	300.00	300.00	300.00	300.00	0	0	0	0
1709726273	300.00	300.00	300.00	300.00	300.00	300.00	0	0	0	0
1709726274	300.00	300.00	300.00	300.00	300.00	300.00	0	0	0	0
1709726275	300.00	300.00	300.00	300.00	300.00	300.00	0	0	0	0
1709726276	300.00	300.00	300.00	300.00	300.00	300.00	0	0	0	0
1709726277	300.00	300.00	300.00	300.00	300.00	300.00	0	0	0	0
1709726278	300.00	300.00	300.00	300.00	300.00	300.00	0	0	0	0
1709726279	300.00	300.00	300.00	300.00	300.00	300.00	0	0	0	0
1709726280	300.00	300.00	300.00	300.00	300.00	300.00	0	0	0	0
1709726281	300.00	300.00	300.00	300.00	300.00	300.00	0	0	0	0
1709726282	300.00	300.00	300.00	300.00	300.00	300.00	0	0	0	0
1709726283	300.00	300.00	300.00	300.00	300.00	300.00	0	0	0	0
1709726284	300.00	300.00	300.00	300.00	300.00	300.00	0	0	0	0
1709726285	300.00	300.00	300.00	300.00	300.00	300.00	0	0	0	0
1709726286	300.00	300.00	300.00	300.00	300.00	300.00	0	0	0	0
1709726287	300.00	300.00	300.00	300.00	300.00	300.00	0	0	0	0
1709726288	300.00	300.00	300.00	300.00	300.00	300.00	0	0	0	0
1709726289	300.00	300.00	300.00	300.00	300.00	300.00	0	0	0	0
1709726290	300.00	300.00	300.00	300.00	300.00	300.00	0	0	0	0
1709726291	300.00	300.00	300.00	300.00	300.00	300.00	0	0	0	0
1709726292	300.00	300.00	300.00	300.00	300.00	300.00	0	0	0	0
1709726293	300.00	300.00	300.00	300.00	300.00	300.00	0	0	0	0
1709726294	300.00	300.00	300.00	300.00	300.00	300.00	0	0	0	0
1709726295	300.00	300.00	300.00	300.00	300.00	300.00	0	0	0	0
1709726296	300.00	300.00	300.00	300.00	300.00	300.00	0	0	0	0
1709726297	300.00	300.00	300.00	300.00	300.00	300.00	0	0	0	0
1709726298	300.00	300.00	300.00	300.00	300.00	300.00	0	0	0	0
1709726299	300.00	300.00	300.00	300.00	300.00	300.00	0	0	0	0
1709726300	300.00	300.00	300.00	300.00	300.00	300.00	0	0	0	0
1709726301	300.00	300.00	300.00	300.00	300.00	300.00	0	0	0	0
1709726302	300.00	300.00	300.00	300.00	300.00	300.00	0	0	0	0
1709726303	300.00	300.00	300.00	300.00	300.00	300.00	0	0	0	0
1709726304	300.00	300.00	300.00	300.00	300.00	300.00	0	0	0	0
1709726305	300.00	300.00	300.00	300.00	300.00	300.00	0	0	0	0
1709726306	300.00	300.00	300.00	300.00	300.00	300.00	0	0	0	0
1709726307	300.00	300.00	300.00	300.00	300.00	300.00	0	0	0	0
1709726308	300.00	300.00	300.00	300.00	300.00	300.00	0	0	0	0
1709726309	300.00	300.00	300.00	300.00	300.00	300.00	0	0	0	0
1709726310	300.00	300.00	300.00	300.00	300.00	300.00	0	0	0	0
1709726311	300.00	300.00	300.00	300.00	300.00	300.00	0	0	0	0
1709726312	300.00	300.00	300.00	300.00	300.00	300.00	0	0	0	0
1709726313	300.00	300.00	300.00	300.00	300.00	300.00	0	0	0	0
1709726314	300.00	300.00	300.00	300.00	300.00	300.00	0	0	0	0
1709726315	300.00	300.00	300.00	300.00	300.00	300.00	0	0	0	0
1709726316	300.00	300.00	300.00	300.00	300.00	300.00	0	0	0	0
1709726317	300.00	300.00	300.00	300.00	300.00	300.00	0	0	0	0
1709726318	300.00	300.00	300.00	300.00	300.00	300.00	0	0	0	0
1709726319	300.00	300.00	300.00	300.00	300.00	300.00	0	0	0	0
1709726320	300.00	300.00	300.00	300.00	300.00	300.00	0	0	0	0
1709726321	300.00	300.00	300.00	300.00	300.00	300.00	0	0	0	0
1709726322	300.00	300.00	300.00	300.00	300.00	300.00	0	0	0	0
1709726323	300.00	300.00	300.00	300.00	300.00	300.00	0	0	0	0
1709726324	300.00	300.00	300.00	300.00	300.00	300.00	0	0	0	0
1709726325	300.00	300.00	300.00	300.00	300.00	300.00	0	0	0	0
1709726326	300.00	300.00	300.00	300.00	300.00	300.00	0	0	0	0
1709726327	300.00	300.00	300.00	300.00	300.00	300.00	0	0	0	0
1709726328	300.00	300.00	300.00	300.00	300.00	300.00	0	0	0	0
1709726329	300.00	300.00	300.00	300.00	300.00	300.00	0	0	0	0
1709726330	300.00	300.00	300.00	300.00	300.00	300.00	0	0	0	0
1709726331	300.00	300.00	300.00	300.00	300.00	300.00	0	0	0	0
1709726332	300.00	300.00	300.00	300.00	300.00	300.00	0	0	0	0
1709726333	300.00	300.00	300.00	300.00	300.00	300.00	0	0	0	0
1709726334	300.00	300.00	300.00	300.00	300.00	300.00	0	0	0	0
1709726335	300.00	300.00	300.00	300.00	300.00	300.00	0	0	0	0
1709726336	300.00	300.00	300.00	300.00	300.00	300.00	0	0	0	0
1709726337	300.00	300.00	300.00	300.00	300.00	300.00	0	0	0	0
1709726338	300.00	300.00	300.00	300.00	300.00	300.00	0	0	0	0
1709726339	300.00	300.00	300.00	300.00	300.00	300.00	0	0	0	0
1709726340	300.00	300.00	300.00	300.00	300.00	300.00	0	0	0	0
1709726341	300.00	300.00	300.00	300.00	300.00	300.00	0	0	0	0
1709726342	300.00	300.00	300.00	300.00	300.00	300.00	0	0	0	0
1709726343	300.00	300.00	300.00	300.00	300.00	300.00	0	0	0	0
1709726344	300.00	300.00	300.00	300.00	300.00	300.00	0	0	0	0
1709726345	300.00	300.00	300.00	300.00	300.00	300.00	0	0	0	0
1709726346	300.00	300.00	300.00	300.00	300.00	300.00	0	0	0	0
1709726347	300.00	300.00	300.00	300.00	300.00	300.00	0	0	0	0
1709726348	300.00	300.00	300.00	300.00	300.00	300.00	0	0	0	0
1709726349	300.00	300.00	300.00	300.00	300.00	300.00	0	0	0	0
1709726350	300.00	300.00	300.00	300.00	300.00	300.00	0	0	0	0
1709726351	300.00	300.00	300.00	300.00	300.00	300.00	0	0	0	0
1709726352	300.00	300.00	300.00	300.00	300.00	300.00	0	0	0	0
1709726353	300.00	300.00	300.00	300.00	300.00	300.00	0	0	0	0
1709726354	300.00	300.00	300.00	300.00	300.00	300.00	0	0	0	0
1709726355	300.00	300.00	300.00	300.00	300.00	300.00	0	0	0	0
1709726356	300.00	300.00	300.00	300.00	300.00	300.00	0	0	0	0
1709726357	300.00	300.00	300.00	300.00	300.00	300.00	0	0	0	0
1709726358	300.00	300.00	300.00	300.00	300.00	300.00	0	0	0	0
1709726359	300.00	300.00	300.00	300.00	300.00	300.00	0	0	0	0
1709726360	300.00	300.00	300.00	300.00	300.00	300.00	0	0	0	0
1709726361	300.00	300.00	300.00	300.00	300.00	300.00	0	0	0	0
1709726362	300.00	300.00	300.00	300.00	300.00	300.00	0	0	0	0
1709726363	300.00	300.00	300.00	300.00	300.00	300.00	0	0	0	0
1709726364	300.00	300.00	300.00	300.00	300.00	300.00	0	0	0	0
1709726365	300.00	300.00	300.00	300.00	300.00	300.00	0	0	0	0
1709726366	300.00	300.00	300.00	300.00	300.00	300.00	0	0	0	0
1709726367	300.00	300.00	300.00	300.00	300.00	300.00	0	0	0	0
1709726368	300.00	300.00	300.00	300.00	300.00	300.00	0	0	0	0
1709726369	300.00	300.00	300.00	300.00	300.00	300.00	0	0	0	0
1709726370	300.00	300.00	300.00	300.00	300.00	300.00	0	0	0	0
1709726371	300.00	300.00	300.00	300.00	300.00	300.00	0	0	0	0
1709726372	300.00	300.00	300.00	300.00	300.00	300.00	0	0	0	0
1709726373	300.00	300.00	300.00	300.00	300.00	300.00	0	0	0	0
1709726374	300.00	300.00	300.00	300.00	300.00	300.00	0	0	0	0
1709726375	300.00	300.00	300.00	300.00	300.00	300.00	0	0	0	0
1709726376	300.00	300.00	300.00	300.00	300.00	300.00	0	0	0	0
1709726377	300.00	300.00	300.00	300.00	300.00	300.00	0	0	0	0
1709726378	300.00	300.00	300.00	300.00	300.00	300.00	0	0	0	0
1709726379	300.00	300.00	300.00	300.00	300.00	300.00	0	0	0	0
1709726380	300.00	300.00	300.00	300.00	300.00	300.00	0	0	0	0
1709726381	300.00	300.00	300.00	300.00	300.00	300.00	0	0	0	0
1709726382	300.00	300.00	300.00	300.00	300.00	300.00	0	0	0	0
1709726383	300.00	300.00	300.00	300.00	300.00	300.00	0	0	0	0
1709726384	300.00	300.00	300.00	300.00	300.00	300.00	0	0	0	0
1709726385	300.00	300.00	300.00	300.00	300.00	300.00	0	0	0	0
1709726386	300.00	300.00	300.00	300.00	300.00	300.00	0	0	0	0
1709726387	300.00	300.00	300.00	300.00	300.00	300.00	0	0	0	0
1709726388	300.00	300.00	300.00	300.00	300.00	300.00	0	0	0	0
1709726389	300.00	300.00	300.00	300.00	300.00	300.00	0	0	0	0
1709726390	300.00	300.00	300.00	300.00	300.00	300.00	0	0	0	0
1709726391	300.00	300.00	300.00	300.00	300.00	300.00	0	0	0	0
1709726392	300.00	300.00	300.00	300.00	300.00	300.00	0	0	0	0
1709726393	300.00	300.00	300.00	300.00	300.00	300.00	0	0	0	0
1709726394	300.00	300.00	300.00	300.00	300.00	300.00	0	0	0	0
1709726395	300.00	300.00	300.00	300.00	300.00	300.00	0	0	0	0
1709726396	300.00	300.00	300.00	300.00	300.00	300.00	0	0	0	0
1709726397	300.00	300.00	300.00	300.00	300.00	300.00	0	0	0	0
1709726398	300.00	300.00	300.00	300.00	300.00	300.00	0	0	0	0
1709726399	300.00	300.00	300.00	300.00	300.00	300.00	0	0	0	0
1709726400	300.00	300.00	300.00	300.00	300.00	300.00	0	0	0	0
1709726401	300.00	300.00	300.00	300.00	300.00	300.00	0	0	0	0
1709726402	300.00	300.00	300.00	300.00	300.00	300.00	0	0	0	0
1709726403	300.00	300.00	300.00	300.00	300.00	300.00	0	0	0	0
1709726404	300.00	300.00	300.00	300.00	300.00	300.00	0	0	0	0
1709726405	300.00	300.00	300.00	300.00	300.00	300.00	0	0	0	0
1709726406	300.00	300.00	300.00	300.00	300.00	300.00	0	0	0	0
1709726407	300.00	300.00	300.00	300.00	300.00	300.00	0	0	0	0
1709726408	300.00	300.00	300.00	300.00	300.00	300.00	0	0	0	0
1709726409	300.00	300.00	300.00	300.00	300.00	300.00	0	0	0	0
1709726410	300.00	300.00	300.00	300.00	300.00	300.00	0	0	0	0
1709726411	300.00	300.00	300.00	300.00	300.00	300.00	0	0	0	0
1709726412	300.00	300.00	300.00	300.00	300.00	300.00	0	0	0	0
1709726413	300.00	300.00	300.00	300.00	300.00	300.00	0	0	0	0
1709726414	300.00	300.00	300.00	300.00	300.00	300.00	0	0	0	0
1709726415	300.00	300.00	300.00	300.00	300.00	300.00	0	0	0	0
1709726416	300.00	300.00	300.00	300.00	300.00	300.00	0	0	0	0
1709726417	300.00	300.00	300.00	300.00	300.00	300.00	0	0	0	0
1709726418	300.00	300.00	300.00	300.00	300.00	300.00	0	0	0	0
1709726419	300.00	300.00	300.00	300.00	300.00	300.00	0	0	0	0
1709726420	300.00	300.00	300.00	300.00	300.00	300.00	0	0	0	0
1709726421	300.00	300.00	300.00	300.00	300.00	300.00	0	0	0	0
1709726422	300.00	300.00	300.00	300.00	300.00	300.00	0	0	0	0
1709726423	300.00	300.00	300.00	300.00	300.00	300.00	0	0	0	0
1709726424	300.00	300.00	300.00	300.00	300.00	300.00	0	0	0	0
1709726425	300.00	300.00	300.00	300.00	300.00	300.00	0	0	0	0
1709726426	300.00	300.00	300.00	300.00	300.00	300.00	0	0	0	0
1709726427	300.00	300.00	300.00	300.00	300.00	300.00	0	0	0	0
1709726428	300.00	300.00	300.00	300.00	300.00	300.00	0	0	0	0
1709726429	300.00	300.00	300.00	300.00	300.00	300.00	0	0	0	0
1709726430	300.00	300.00	300.00	300.00	300.00	300.00	0	0	0	0
1709726431	300.00	300.00	300.00	300.00	300.00	300.00	0	0	0	0
1709726432	300.00	300.00	300.00	300.00	300.00	300.00	0	0	0	0
1709726433	300.00	300.00	300.00	300.00	300.00	300.00	0	0	0	0
1709726434	300.00	300.00	300.00	300.00	300.00	300.00	0	0	0	0
1709726435	300.00	300.00	300.00	300.00	300.00	300.00	0	0	0	0
1709726436	300.00	300.00	300.00	300.00	300.00	300.00	0	0	0	0
1709726437	300.00	300.00	300.00	300.00	300.00	300.00	0	0	0	0
1709726438	300.00	300.00	300.00	300.00	300.00	300.00	0	0	0	0
1709726439	300.00	300.00	300.00	300.00	300.00	300.00	0	0	0	0
1709726440	300.00	300.00	300.00	300.00	300.00	300.00	0	0	0	0
1709726441	300.00	300.00	300.00	300.00	300.00	300.00	0	0	0	0
1709726442	300.00	300.00	300.00	300.00	300.00	300.00	0	0	0	0
1709726443	300.00	300.00	300.00	300.00	300.00	300.00	0	0	0	0
1709726444	300.00	300.00	300.00	300.00	300.00	300.00	0	0	0	0
1709726445	300.00	300.00	300.00	300.00	300.00	300.00	0	0	0	0
1709726446	300.00	300.00	300.00	300.00	300.00	300.00	0	0	0	0
1709726447	300.00	300.00	300.00	300.00	300.00	300.00	0	0	0	0
1709726448	300.00	300.00	300.00	300.00	300.00	300.00	0	0	0	0
1709726449	300.00	300.00	300.00	300.00	300.00	300.00	0	0	0	0
1709726450	300.00	300.00	300.00	300.00	300.00	300.00	0	0	0	0
1709726451	300.00	300.00	300.00	300.00	300.00	300.00	0	0	0	0
1709726452	300.00	300.00	300.00	300.00	300.00	300.00	0	0	0	0
1709726453	300.00	300.00	300.00	300.00	300.00	300.00	0	0	0	0
1709726454	300.00	300.00	300.00	300.00	300.00	300.00	0	0	0	0
1709726455	300.00	300.00	300.00	300.00	300.00	300.00	0	0	0	0
1709726456	300.00	300.00	300.00	300.00	300.00	300.00	0	0	0	0
1709726457	300.00	300.00	300.00	300.00	300.00	300.00	0	0	0	0
1709726458	300.00	300.00	300.00	300.00	300.00	300.00	0	0	0	0
1709726459	300.00	300.00	300.00	300.00	300.00	300.00	0	0	0	0
1709726460	300.00	300.00	300.00	300.00	300.00	300.00	0	0	0	0
1709726461	300.00	300.00	300.00	300.00	300.00	300.00	0	0	0	0
1709726462	300.00	300.00	300.00	300.00	300.00	300.00	0	0	0	0
1709726463	300.00	300.00	300.00	300.00	300.00	300.00	0	0	0	0
1709726464	300.00	300.00	300.00	300.00	300.00	300.00	0	0	0	0
1709726465	300.00	300.00	300.00	300.00	300.00	300.00	0	0	0	0
1709726466	300.00	300.00	300.00	300.00	300.00	300.00	0	0	0	0
1709726467	300.00	300.00	300.00	300.00	300.00	300.00	0	0	0	0
1709726468	300.00	300.00	300.00	300.00	300.00	300.00	0	0	0	0
1709726469	300.00	300.00	300.00	300.00	300.00	300.00	0	0	0	0
1709726470	300.00	300.00	300.00	300.00	300.00	300.00	0	0	0	0
1709726471	300.00	300.00	300.00	300.00	300.00	300.00	0	0	0	0
1709726472	300.00	300.00	300.00	300.00	300.00	300.00	0	0	0	0
1709726473	300.00	300.00	300.00	300.00	300.00	300.00	0	0	0	0
1709726474	300.00	300.00	300.00	300.00	300.00	300.00	0	0	0	0
1709726475	300.00	300.00	300.00	300.00	300.00	300.00	0	0	0	0
1709726476	300.00	300.00	300.00	300.00	300.00	300.00	0	0	0	0
1709726477	300.00	300.00	300.00	300.00	300.00	300.00	0	0	0	0
1709726478	300.00	300.00	300.00	300.00	300.00	300.00	0	0	0	0
1709726479	300.00	300.00	300.00	300.00	300.00	300.00	0	0	0	0
1709726480	300.00	300.00	300.00	300.00	300.00	300.00	0	0	0	0
1709726481	300.00	300.00	300.00	300.00	300.00	300.00	0	0	0	0
1709726482	300.00	300.00	300.00	300.00	300.00	300.00	0	0	0	0
1709726483	300.00	300.00	300.00	300.00	300.00	300.00	0	0	0	0
1709726484	300.00	300.00	300.00	300.00	300.00	300.00	0	0	0	0
1709726485	300.00	300.00	300.00	300.00	300.00	300.00	0	0	0	0
1709726486	300.00	300.00	300.00	300.00	300.00	300.00	0	0	0	0
1709726487	300.00	300.00	300.00	300.00	300.00	300.00	0	0	0	0
1709726488	300.00	300.00	300.00	300.00	300.00	300.00	0	0	0	0
1709726489	300.00	300.00	300.00	300.00	300.00	300.00	0	0	0	0
1709726490	300.00	300.00	300.00	300.00	300.00	300.00	0	0	0	0
1709726491	300.00	300.00	300.00	300.00	300.00	300.00	0	0	0	0
1709726492	300.00	300.00	300.00	300.00	300.00	300.00	0	0	0	0
1709726493	300.00	300.00	300.00	300.00	300.00	300.00	0	0	0	0
1709726494	300.00	300.00	300.00	300.00	300.00	300.00	0	0	0	0
1709726495	300.00	300.00	300.00	300.00	300.00	300.00	0	0	0	0
1709726496	300.00	300.00	300.00	300.00	300.00	300.00	0	0	0	0
1709726497	300.00	300.00	300.00	300.00	300.00	300.00	0	0	0	0
1709726498	300.00	300.00	300.00	300.00	300.00	300.00	0	0	0	0
1709726499	300.00	300.00	300.00	300.00	300.00	300.00	0	0	0	0
1709726500	300.00	300.00	300.00	300.00	300.00	300.00	0	0	0	0
1709726501	300.00	300.00	300.00	300.00	300.00	300.00	0	0	0	0
1709726502	300.00	300.00	300.00	300.00	300.00	300.00	0	0	0	0
1709726503	300.00	300.00	300.00	300.00	300.00	300.00	0	0	0	0
1709726504	300.00	300.00	300.00	300.00	300.00	300.00	0	0	0	0
1709726505	300.00	300.00	300.00	300.00	300.00	300.00	0	0	0	0
1709726506	300.00	300.00	300.00	300.00	300.00	300.00	0	0	0	0
1709726507	300.00	300.00	300.00	300.00	300.00	300.00	0	0	0	0
1709726508	300.00	300.00	300.00	300.00	300.00	300.00	0	0	0	0
1709726509	300.00	300.00	300.00	300.00	300.00	300.00	0	0	0	0
1709726510	300.00	300.00	300.00	300.00	300.00	300.00	0	0	0	0
1709726511	300.00	300.00	300.00	300.00	300.00	300.00	0	0	0	0
1709726512	300.00	300.00	300.00	300.00	300.00	300.00	0	0	0	0
1709726513	300.00	300.00	300.00	300.00	300.00	300.00	0	0	0	0
1709726514	300.00	300.00	300.00	300.00	300.00	300.00	0	0	0	0
1709726515	300.00	300.00	300.00	300.00	300.00	300.00	0	0	0	0
1709726516	300.00	300.00	300.00	300.00	300.00	300.00	0	0	0	0
1709726517	300.00	300.00	300.00	300.00	300.00	300.00	0	0	0	0
1709726518	300.00	300.00	300.00	300.00	300.00	300.00	0	0	0	0
1709726519	300.00	300.00	300.00	300.00	300.00	300.00	0	0	0	0
1709726520	300.00	300.00	300.00	300.00	300.00	300.00	0	0	0	0
1709726521	300.00	300.00	300.00	300.00	300.00	300.00	0	0	0	0
1709726522	300.00	300.00	300.00	300.00	300.00	300.00	0	0	0	0
1709726523	300.00	300.00	300.00	300.00	300.00	300.00	0	0	0	0
1709726524	300.00	300.00	300.00	300.00	300.00	300.00	0	0	0	0
1709726525	300.00	300.00	300.00	300.00	300.00	300.00	0	0	0	0
1709726526	300.00	300.00	300.00	300.00	300.00	300.00	0	0	0	0
1709726527	300.00	300.00	300.00	300.00	300.00	300.00	0	0	0	0
1709726528	300.00	300.00	300.00	300.00	300.00	300.00	0	0	0	0
1709726529	300.00	300.00	300.00	300.00	300.00	300.00	0	0	0	0
1709726530	300.00	300.00	300.00	300.00	300.00	300.00	0	0	0	0
1709726531	300.00	300.00	300.00	300.00	300.00	300.00	0	0	0	0
1709726532	300.00	300.00	300.00	300.00	300.00	300.00	0	0	0	0
1709726533	300.00	300.00	300.00	300.00	300.00	300.00	0	0	0	0
1709726534	300.00	300.00	300.00	300.00	300.00	300.00	0	0	0	0
1709726535	300.00	300.00	300.00	300.00	300.00	300.00	0	0	0	0
1709726536	300.00	300.00	300.00	300.00	300.00	300.00	0	0	0	0
1709726537	300.00	300.00	300.00	300.00	300.00	300.00	0	0	0	0
1709726538	300.00	300.00	300.00	300.00	300.00	300.00	0	0	0	0
1709726539	300.00	300.00	300.00	300.00	300.00	300.00	0	0	0	0
1709726540	300.00	300.00	300.00	300.00	300.00	300.00	0	0	0	0
1709726541	300.00	300.00	300.00	300.00	300.00	300.00	0	0	0	0
1709726542	300.00	300.00	300.00	300.00	300.00	300.00	0	0	0	0
1709726543	300.00	300.00	300.00	300.00	300.00	300.00	0	0	0	0
1709726544	300.00	300.00	300.00	300.00	300.00	300.00	0	0	0	0
1709726545	300.00	300.00	300.00	300.00	300.00	300.00	0	0	0	0
1709726546	300.00	300.00	300.00	300.00	300.00	300.00	0	0	0	0
1709726547	300.00	300.00	300.00	300.00	300.00	300.00	0	0	0	0
1709726548	300.00	300.00	300.00	300.00	300.00	300.00	0	0	0	0
1709726549	300.00	300.00	300.00	300.00	300.00	300.00	0	0	0	0
1709726550	300.00	300.00	300.00	300.00	300.00	300.00	0	0	0	0
1709726551	300.00	300.00	300.00	300.00	300.00	300.00	0	0	0	0
1709726552	300.00	300.00	300.00	300.00	300.00	300.00	0	0	0	0
1709726553	300.00	300.00	300.00	300.00	300.00	300.00	0	0	0	0
1709726554	300.00	300.00	300.00	300.00	300.00	300.00	0	0	0	0
1709726555	300.00	300.00	300.00	300.00	300.00	300.00	0	0	0	0
1709726556	300.00	300.00	300.00	300.00	300.00	300.00	0	0	0	0
1709726557	300.00	300.00	300.00	300.00	300.00	300.00	0	0	0	0
1709726558	300.00	300.00	300.00	300.00	300.00	300.00	0	0	0	0
1709726559	300.00	300.00	300.00	300.00	300.00	300.00	0	0	0	0
1709726560	300.00	300.00	300.00	300.00	300.00	300.00	0	0	0	0
1709726561	300.00	300.00	300.00	300.00	300.00	300.00	0	0	0	0
1709726562	300.00	300.00	300.00	300.00	300.00	300.00	0	0	0	0
1709726563	300.00	300.00	300.00	300.00	300.00	300.00	0	0	0	0
1709726564	300.00	300.00	300.00	300.00	300.00	300.00	0	0	0	0
1709726565	300.00	300.00	300.00	300.00	300.00	300.00	0	0	0	0
1709726566	300.00	300.00	300.00	300.00	300.00	300.00	0	0	0	0
1709726567	300.00	300.00	300.00	300.00	300.00	300.00	0	0	0	0
1709726568	300.00	300.00	300.00	300.00	300.00	300.00	0	0	0	0
1709726569	300.00	300.00	300.00	300.00	300.00	300.00	0	0	0	0
1709726570	300.00	300.00	300.00	300.00	300.00	300.00	0	0	0	0
1709726571	300.00	300.00	300.00	300.00	300.00	300.00	0	0	0	0
1709726572	300.00	300.00	300.00	300.00	300.00	300.00	0	0	0	0
1709726573	300.00	300.00	300.00	300.00	300.00	300.00	0	0	0	0
1709726574	300.00	300.00	300.00	300.00	300.00	300.00	0	0	0	0
1709726575	300.00	300.00	300.00	300.00	300.00	300.00	0	0	0	0
1709726576	300.00	300.00	300.00	300.00	300.00	300.00	0	0	0	0
1709726577	300.00	300.00	300.00	300.00	300.00	300.00	0	0	0	0
1709726578	300.00	300.00	300.00	300.00	300.00	300.00	0	0	0	0
1709726579	300.00	300.00	300.00	300.00	300.00	300.00	0	0	0	0
1709726580	300.00	300.00	300.00	300.00	300.00	300.00	0	0	0	0
1709726581	300.00	300.00	300.00	300.00	300.00	300.00	0	0	0	0
1709726582	300.00	300.00	300.00	300.00	300.00	300.00	0	0	0	0
1709726583	300.00	300.00	300.00	300.00	300.00	300.00	0	0	0	0
1709726584	300.00	300.00	300.00	300.00	300.00	300.00	0	0	0	0
1709726585	300.00	300.00	300.00	300.00	300.00	300.00	0	0	0	0
1709726586	300.00	300.00	300.00	300.00	300.00	300.00	0	0	0	0
1709726587	300.00	300.00	300.00	300.00	300.00	300.00	0	0	0	0
1709726588	300.00	300.00	300.00	300.00	300.00	300.00	0	0	0	0
1709726589	300.00	300.00	300.00	300.00	300.00	300.00	0	0	0	0
1709726590	300.00	300.00	300.00	300.00	300.00	300.00	0	0	0	0
1709726591	300.00	300.00	300.00	300.00	300.00	300.00	0	0	0	0
1709726592	300.00	300.00	300.00	300.00	300.00	300.00	0	0	0	0
1709726593	300.00	300.00	300.00	300.00	300.00	300.00	0	0	0	0
1709726594	300.00	300.00	300.00	300.00	300.00	300.00	0	0	0	0
1709726595	300.00	300.00	300.00	300.00	300.00	300.00	0	0	0	0
1709726596	300.00	300.00	300.00	300.00	300.00	300.00	0	0	0	0
1709726597	300.00	300.00	300.00	300.00	300.00	300.00	0	0	0	0
1709726598	300.00	300.00	300.00	300.00	300.00	300.00	0	0	0	0
1709726599	300.00	300.00	300.00	300.00	300.00	300.00	0	0	0	0
1709726600	300.00	300.00	300.00	300.00	300.00	300.00	0	0	0	0
1709726601	300.00	300.00	300.00	300.00	300.00	300.00	0	0	0	0
1709726602	300.00	300.00	300.00	300.00	300.00	300.00	0	0	0	0
1709726603	300.00	300.00	300.00	300.00	300.00	300.00	0	0	0	0
1709726604	300.00	300.00	300.00	300.00	300.00	300.00	0	0	0	0
1709726605	300.00	300.00	300.00	300.00	300.00	300.00	0	0	0	0
1709726606	300.00	300.00	300.00	300.00	300.00	300.00	0	0	0	0
1709726607	300.00	300.00	300.00	300.00	300.00	300.00	0	0	0	0
1709726608	300.00	300.00	300.00	300.00	300.00	300.00	0	0	0	0
1709726609	300.00	300.00	300.00	300.00	300.00	300.00	0	0	0	0
1709726610	300.00	300.00	300.00	300.00	300.00	300.00	0	0	0	0
1709726611	300.00	300.00	300.00	300.00	300.00	300.00	0	0	0	0
1709726612	300.00	300.00	300.00	300.00	300.00	300.00	0	0	0	0
1709726613	300.00	300.00	300.00	300.00	300.00	300.00	0	0	0	0
1709726614	300.00	300.00	300.00	300.00	300.00	300.00	0	0	0	0
1709726615	300.00	300.00	300.00	300.00	300.00	300.00	0	0	0	0
1709726616	300.00	300.00	300.00	300.00	300.00	300.00	0	0	0	0
1709726617	300.00	300.00	300.00	300.00	300.00	300.00	0	0	0	0
1709726618	300.00	300.00	300.00	300.00	300.00	300.00	0	0	0	0
1709726619	300.00	300.00	300.00	300.00	300.00	300.00	0	0	0	0
1709726620	300.00	300.00	300.00	300.00	300.00	300.00	0	0	0	0
